0.0,
0.0,
0.0,
0.0,
0.0,
0.0,
0.0,
0.0,
0.0,
0.0,
218.10471893803867,
348.163169053326,
249.21410766191028,
266.834529101831,
183.06272867760094,
261.97127081215814,
201.21823543078006,
295.5004455831229,
178.00227881303832,
260.7139421680316,
188.7181985552965,
230.22445981292176,
202.93306515665546,
251.56227980939548,
303.7252114894437,
298.78891312770185,
222.6092495272965,
271.9666551671524,
235.89226328431155,
244.97252000093746,
253.7533410242098,
303.43212322601755,
288.92188952381514,
282.9608900962959,
280.87746986078344,
234.73218224603704,
235.25304422997607,
265.96911453282644,
201.6742257801528,
192.97821692614727,
175.60636606215817,
196.46958163992483,
217.11429484214517,
190.4055045810168,
210.0728362539071,
202.55725091528478,
203.255592797538,
205.52656906440527,
182.8347046023455,
193.33132737963624,
214.30310196986397,
243.69538927043038,
215.03291193059363,
199.40142819879566,
181.51095094738247,
199.43333149411987,
194.02769433279877,
225.37001147931608,
231.26031693374247,
263.7066003348981,
285.91747780489584,
253.88201632920502,
197.91256901205622,
217.09895169270175,
237.97792181538335,
276.2280133479903,
299.7144517848561,
314.7512051798255,
265.0214312272264,
224.11908802069252,
228.83848969024706,
219.5335316969908,
240.47517670127417,
219.92043532603026,
226.710290946608,
223.21169504308347,
249.77294599777792,
241.89816908103052,
227.56593232985523,
281.04544470407444,
298.4112830317352,
251.17654646033932,
203.16488040335477,
228.35029298745735,
221.5666657918875,
167.59555128596392,
217.73060125535855,
221.84833459173484,
195.61680183153288,
176.06281162490717,
174.93135204471787,
207.0499635621733,
225.7140752857612,
208.77508118081866,
171.82779569091824,
205.44414042304993,
189.40027151950812,
209.44154926812604,
208.21521717009816,
179.62831730694242,
213.10353176641868,
218.46054442750147,
215.31675793724307,
180.52376842168573,
145.14438413656657,
207.31323404641145,
196.74083640932105,
163.5891588658285,
164.1869130551301,
168.0737359645545,
148.56396506689444,
190.85350687640033,
196.64009218112184,
174.75300065119907,
161.10212271778346,
153.98543044319354,
146.64913848366874,
162.26320945867047,
188.39163181017818,
185.2330372956924,
158.44650614720925,
144.74450132926236,
153.3118251299239,
183.92742142390912,
235.69014764257463,
232.459846025022,
214.0055405914551,
186.04850457668036,
142.32689535194075,
185.99669005900344,
195.68560988951305,
205.0628288225559,
193.70037167387673,
169.00860411702038,
161.043730826863,
125.5234848999115,
154.39171271423263,
134.11593133104964,
174.1968257615893,
214.52457507397787,
167.45986006644398,
181.0396351847181,
129.41213935105128,
143.12634755951944,
137.87260199687927,
159.18289954541214,
219.05047370679307,
208.52860867956986,
159.39759434728794,
160.90961231677414,
153.3657285185547,
169.20617653686526,
200.12419451289242,
240.20924838156387,
188.17204133477173,
150.82259254797685,
172.79334851384615,
180.54116254403812,
186.4362424113831,
206.5999056570091,
177.01147218427946,
162.23335754525812,
176.97481221798733,
144.63103759600557,
169.6912476080645,
235.26488056789424,
243.41724635140872,
209.0128365084145,
189.96456862821853,
121.52503518010342,
200.76248656912443,
203.39394200126483,
203.46402320025118,
190.04685489407913,
201.8440498447546,
183.54753255170363,
168.24672882414148,
165.81515472341366,
185.49992449365675,
173.59080145237252,
161.5323785729755,
167.86489064757478,
214.0697183927429,
179.34583041380276,
153.01427240162053,
146.6257564273197,
141.34378144358146,
169.01282730440266,
153.24098488118617,
199.08697583593292,
203.8364224848412,
189.65197491226735,
178.57586493074265,
145.57697462373,
150.28291248784146,
146.96378894015118,
144.89464471078236,
197.2584488539993,
190.31622112173235,
162.98141943110016,
177.02444257198596,
164.12303822177293,
200.01036769736876,
214.5509337514048,
182.8354397743539,
230.05016966113578,
223.69579430070843,
178.66725242395046,
176.75579362929304,
148.83228365987463,
180.66301583005372,
188.6658151554506,
140.96273095889745,
157.89493411053323,
170.99814929750067,
162.30533725560667,
171.33792614633768,
167.83366260346793,
186.3618346246358,
186.13260755893356,
140.1129896095766,
156.38595636637868,
138.25220820156733,
145.7990607598012,
182.44900222051652,
186.9209106800626,
142.76393062998974,
160.66573792139948,
167.20824778580635,
165.85546829583384,
184.62697691492215,
154.21958378897136,
142.4079647265844,
160.87990194810385,
143.66645032337775,
158.50824574649764,
159.79902374898478,
138.50007324880747,
151.04487048248927,
171.67814779468324,
133.6181470244015,
143.99178225363303,
170.83145031917797,
135.57761275668145,
155.05066723089962,
136.85674965884726,
137.02868068825563,
160.0562873946393,
169.86067019273037,
162.19780909544943,
187.03640180619198,
167.36130287061434,
171.67165352752463,
167.55749822242515,
161.475435777883,
126.35204234022541,
132.95318548618962,
152.08634243481563,
159.5888130641798,
158.12579874847506,
131.04695885429646,
188.72219612968044,
182.09806339047185,
147.59718180732824,
152.99346727369758,
171.66739393545146,
162.6329033619122,
189.03157493896063,
195.1773372869299,
182.0240884014064,
183.7110155127764,
164.651034104038,
140.4170908711229,
129.47567864512064,
152.383061091964,
174.7778099061487,
153.05646390746713,
155.83584321957804,
159.1347932485832,
148.67242456931248,
126.79659640136012,
195.77463424849984,
179.17695488606182,
134.52897684087722,
145.3555793008207,
138.2205658721417,
143.82395381595867,
133.46882398792098,
145.3581567349671,
141.31112691928743,
173.82904115765157,
163.65471321362097,
126.35064595670991,
164.39927740240296,
157.75406571877448,
116.53796273363724,
159.52596209799893,
161.3526128481247,
135.41613646126797,
136.13210765028307,
137.39997033389105,
168.2486480948805,
173.95455947133752,
191.34500640275363,
181.87765624663024,
148.2725858343345,
172.35636235997117,
154.41198544782387,
145.73843386407435,
146.22226772233228,
153.6558794213854,
196.99282116036366,
223.83871317255466,
209.69196840812447,
191.93012667136455,
147.19770395608384,
169.22134244933338,
174.35613879221933,
168.67532474004716,
210.20973608247817,
199.11707347119383,
123.14743499492286,
161.25238047209174,
210.5574521394627,
227.03955890324676,
208.95465242949868,
188.95379093170646,
132.64120135229663,
151.58679402450116,
159.64784793265125,
165.0811877711118,
149.56309290988693,
187.51455619595123,
214.28495343191756,
182.75206374038171,
148.9252510177857,
125.97978468979971,
204.3563406393739,
213.67214130193244,
189.69818746571337,
169.14364823605462,
181.6855439306174,
175.99357475870443,
170.78428506494288,
173.33514474320734,
186.65446024122335,
162.71188151022938,
134.8949388231196,
176.66568936016466,
171.93633415438123,
160.44029531808044,
202.33889316377923,
168.39270697986933,
149.17081122714174,
158.98455471101764,
125.33439655212025,
172.50608477048775,
173.30082598712667,
174.77435755880958,
206.37681382293042,
210.41454720479805,
247.21826490492887,
240.42436109575155,
249.29662291687225,
189.6264892024817,
167.1685312270268,
127.30377343272953,
203.53184928341193,
218.62175520144976,
215.21509316833058,
253.65216372524466,
266.6945064349516,
223.98791324667727,
198.81652786898684,
241.73365712044523,
227.21123477018543,
219.2438910338451,
178.15163157080343,
167.74938099553088,
174.52274580027958,
183.71752804720583,
206.92874629827259,
229.2934143490002,
233.71858023378215,
194.37248911829,
215.52501216393338,
183.9878603852668,
204.87910563162816,
198.3591102399913,
176.8078762358941,
200.97737003922086,
195.51910042896336,
165.80993878263325,
153.642106251338,
202.23856595524995,
158.89483717555748,
234.40096804655397,
203.82858265763193,
165.2560946773663,
243.15228800422972,
202.10770202502647,
223.00112160429975,
254.00348807343676,
176.911386823162,
181.12496351264906,
211.71830481387312,
190.1316875178144,
152.6855390293179,
188.0691613735391,
236.17688073668603,
237.84128880603186,
209.32008695970296,
231.61684478935004,
209.6611103152116,
200.1263979419427,
205.48106384022492,
215.3454868479389,
183.8589280941261,
237.91972599122974,
190.86621999700878,
144.43466084350464,
151.59041143222595,
164.06319957834597,
223.95898263017472,
252.05764820936375,
192.93449199163055,
167.74333847657294,
251.2392142387932,
249.4576230091907,
198.86433211403215,
240.98236312419294,
234.9227705872598,
202.4015394501922,
206.4328726851734,
246.56353564582662,
221.0392431339654,
185.7053486533099,
238.1283234386912,
223.3047512198038,
220.0692651665089,
261.908045692087,
184.20000688622622,
194.98581718282531,
239.64227807152204,
212.1863933824735,
191.90220542171525,
193.6772719932629,
217.6477514590693,
166.07798434858148,
216.96506257921013,
274.3438708878006,
206.14669210014327,
180.94553372595303,
228.72756825491072,
213.25741436932742,
224.37966389511897,
156.2334091217466,
202.8024516127274,
244.10959162079698,
188.11490910430578,
236.96823987333153,
244.7612630160423,
179.7996265473739,
223.0914400255465,
253.71930956307983,
211.93382529507915,
191.66429035662284,
218.6640022688001,
202.6488312275473,
169.62248238513476,
207.50470554796826,
192.25015661712388,
157.92937548091933,
191.87753718429585,
177.1463593620322,
157.87563258357557,
183.39790802321215,
181.90623294149387,
183.53542347963992,
189.10700840305532,
186.88134988116627,
183.6761361894722,
192.24183447463915,
226.10344629425992,
229.8498399608526,
182.22274606211786,
147.72570588528257,
163.7386607373421,
197.5774372320886,
180.14201941713517,
197.2096023598498,
200.69822061595207,
214.92556959089313,
192.9698720518141,
176.49484333218896,
188.77358888117612,
195.85817761540056,
181.37551458078408,
160.87657965229133,
147.60954217695118,
198.33409197170602,
186.7742271807306,
129.62479209383713,
127.70771210632932,
211.70394505891326,
202.44907834321546,
175.55424638553598,
194.6824039804779,
189.40112574028663,
162.02092013089464,
165.26451065147955,
183.3764090464365,
181.80724197151144,
207.6319913792541,
222.10299102817828,
195.27182213869264,
181.39521194643405,
187.6171768285052,
171.99929743050674,
205.5239066523546,
209.9572792480021,
188.75929334181774,
187.9830554236501,
199.0311447688457,
208.10238947539085,
175.84871980609793,
155.10633915518235,
181.27946617554653,
184.121831739568,
191.76240140391272,
185.04454331566004,
171.08093187662044,
159.49431956827516,
135.8064149913457,
157.0597886341639,
169.25835141644617,
164.9947756830967,
140.72920337492036,
170.64412853233918,
213.4982815672926,
202.30826829240493,
170.96590860804005,
153.27033231187733,
192.55290753960122,
201.43265769487292,
184.56877568278088,
149.1920156651317,
150.9192457558234,
144.01083783062992,
130.64377267512063,
150.80442530993466,
181.50619793532138,
218.83451568298923,
210.45837868487473,
152.11786385995407,
151.24544055461024,
166.4669668168068,
167.68313295706747,
198.41816199979144,
174.86447709518353,
155.6776324109202,
169.70949183218175,
171.12103128571692,
161.00623881872832,
168.88044213463343,
158.22031705560553,
158.651315576294,
199.0261654911166,
202.26325618498558,
151.70600469219517,
166.86218101061104,
154.2981854461778,
165.41397075473228,
177.51866862195783,
162.30693508595465,
204.24343176429957,
172.7903672443778,
144.2947120232316,
164.0865763641499,
176.20122188556502,
161.53895619456443,
157.73752914630094,
147.9095290061583,
151.01198449700703,
163.67023897011785,
129.12768421824174,
163.9979620526213,
139.83372258695212,
145.37486677172706,
148.0255694512101,
148.0447517046909,
147.53388093381957,
129.71236355949233,
126.2942560833969,
111.16553162094253,
107.31337726589628,
107.1073288403515,
129.20576740367665,
125.854844424747,
124.36742330824008,
92.43566946667984,
128.54810090987564,
147.62097852654065,
117.46584615515974,
79.32928274919682,
86.94300425444484,
112.46695646257184,
108.16193198823795,
104.27496514562861,
108.63012466270209,
109.85153897470842,
105.3959638673671,
127.71120807417222,
135.6674464168321,
127.48329922097341,
144.30511832825596,
141.25244240699385,
140.7365713915447,
108.40599221490724,
144.61090393888992,
178.7932602583271,
142.42643549369745,
129.73759017933193,
119.25055365049371,
137.58743755674087,
138.199724130352,
133.40456268141477,
130.31495074588128,
120.69167302164824,
121.5684714782805,
98.50375898811953,
118.84832622139054,
146.18516964046367,
125.60344205929522,
128.96431002447815,
135.6100784593119,
111.6916708650335,
131.18055540715298,
126.51049423368504,
137.50999634734924,
115.82512643319748,
98.02311984874686,
121.24823593528095,
152.2901966980128,
148.06995106049453,
121.54490538743173,
129.52520362677194,
123.94728655376376,
127.26442587440134,
138.70401490259633,
139.0927657565265,
132.2440876119796,
103.75517639017365,
118.91581260600125,
145.72853699779816,
154.22393558183575,
156.8029520820316,
111.89403828890248,
137.89199511703976,
152.76408681985328,
110.15633164361918,
119.57272872272694,
110.78625500774741,
149.224574143526,
164.81437282834253,
146.20002978310262,
146.1457104930403,
141.45273962313942,
101.06133994682581,
92.12358946505148,
119.19990605609821,
144.29743558042261,
145.3457493596374,
149.02960545173656,
137.07584738606172,
123.42239723660771,
121.89800405685715,
131.1232708813367,
147.85795480527386,
137.5480831250894,
135.16630263877124,
141.29479786542873,
124.33179962372256,
121.03243426606129,
102.64983420864039,
121.34346232264231,
150.1731758159705,
149.46264347406142,
127.36847053386451,
101.43740344098421,
112.99524293365137,
120.6559177436106,
134.0480781265855,
153.26572674591588,
130.08283176767594,
115.08738251816219,
141.06356384430606,
127.37853973043127,
148.8036668598831,
135.36731372269537,
111.03605237756034,
115.33560501572795,
152.6856124175576,
152.28804629849708,
146.35743827575268,
125.44582680329297,
108.19443619214609,
106.72636450972028,
128.71294897512547,
132.07693534066632,
124.98757133600436,
132.00674842253244,
136.0689399683593,
143.27571772588917,
147.0640236680368,
113.19318251740576,
109.82144779048552,
161.4066893822141,
140.40344371990076,
149.2696096862053,
159.8717257009127,
135.59779762709852,
140.69361407283702,
114.14847737407635,
126.26852451519608,
125.04284943520979,
142.22118372430526,
140.06747155848456,
118.02515190281586,
136.62959838330843,
119.49849867369599,
100.10834411189056,
115.37189788454094,
120.34022157122706,
149.0076791881888,
156.12366249728646,
148.9570787319967,
133.6856223901435,
115.43382766612915,
102.97609388696267,
98.9507451256096,
120.14334282271996,
115.13563179382156,
119.2835706942009,
88.53716973057894,
133.76100974217607,
176.1340808622193,
171.92529072991064,
122.78241250725193,
95.15732326651727,
126.5999889075963,
129.39009029664152,
118.79377642865882,
120.66026461214139,
164.01853535992635,
149.33407534190613,
152.1581327354306,
195.0647155571164,
185.81281713744002,
122.22419196156396,
143.45972943328664,
152.06841585192134,
150.26253043083085,
146.2667598417128,
153.85266221521468,
167.81697758763386,
183.44002682964526,
184.22474396657503,
142.5300889559128,
134.09593933140025,
125.65379015090951,
117.7884967990243,
130.39080919125792,
146.60461264118337,
150.54676822509674,
119.55707476574227,
140.54809458684582,
165.20361830959078,
164.5968044458009,
140.47505152978923,
125.54363367605356,
130.96156477250568,
151.6525749290655,
158.15529902340145,
132.81547710500698,
127.75953698069831,
132.34040501230754,
113.92115602937517,
125.15584736823845,
173.53503977123242,
178.1420156881931,
135.23524909813142,
175.7862222431837,
175.94915271245975,
151.7172599180301,
137.20411291299786,
152.40739480021136,
157.80005794013394,
146.17514924833816,
154.2553371615044,
201.57480086769402,
195.01271115036275,
166.9176628742722,
195.83740767459818,
157.4139263760175,
141.17499440334745,
126.42605615577475,
137.661845323437,
159.6518641494883,
149.17101744907495,
139.74323952035581,
159.31970107216318,
159.51538520084236,
179.30954287372813,
172.66210488823816,
129.98127280038008,
140.9191563719373,
169.28353325143206,
184.23981144518817,
164.4668581817865,
126.54442972297659,
115.75974485061482,
124.09076714345241,
150.06268300535604,
125.04060809676925,
121.98049714136219,
133.0468984449985,
165.07161308876212,
176.40465246694205,
190.9709344202472,
127.1107387877622,
132.03468517144347,
145.42161318968016,
169.91827724415649,
147.11467873408733,
138.21169760686377,
137.8650967590015,
179.2925624629139,
194.4677666500096,
189.76332717806272,
196.0320287779594,
186.82288357810174,
141.963239242775,
158.47196602994737,
189.27844146236743,
174.01745904316857,
166.18108350595134,
150.3191225074522,
158.55202961751567,
174.03262765234123,
180.0691919051635,
176.64371171979755,
183.24254419007627,
155.6458990242032,
127.14628146588846,
130.84054520054585,
170.04496807062458,
177.31565306857948,
171.50067036436775,
190.19738978148135,
190.93703212113363,
158.5824728754319,
187.99990624451308,
214.41407142420613,
163.34705011122088,
152.21589628021883,
162.64962132267542,
155.95087904703414,
225.70109721173094,
190.83402204188408,
182.1860919470469,
200.4681412242769,
165.50837318855037,
145.95119205426977,
151.49621102381144,
137.18810949245588,
143.76707508348292,
173.96404069134806,
154.60293524273592,
178.65996798431152,
175.82282975487024,
141.95715484695089,
163.30412832209788,
222.4166997110791,
193.0027426521459,
158.58397808152478,
149.03618537384784,
168.9917509507505,
173.27309382408555,
193.476493281341,
195.98038954510127,
176.0174782742023,
200.45793826994057,
175.40928937991563,
164.9929959183735,
148.9755662041538,
164.07700361894928,
175.67819161828547,
166.51276888769345,
191.7721432626402,
165.86319598678935,
144.14792867655075,
135.2227703833001,
161.15610641273872,
186.8599785557056,
169.53713048778528,
123.03633292622705,
144.79868165197408,
184.70784628389248,
165.18051020556055,
184.6001118097922,
178.050031050123,
126.21128130823303,
112.70177184922632,
134.9978935588318,
179.77093520750628,
167.78496507410833,
160.05760209806016,
163.50024463219293,
196.53877539988548,
202.02291819156554,
149.06703605579276,
171.9870116110453,
170.65404495282323,
176.23024390485867,
209.20275653751042,
183.1062967620696,
166.22449168360703,
178.08370700015175,
172.67649201038637,
185.2323997840877,
174.38472902487328,
112.69605247224494,
128.10688097886123,
141.11135674398918,
153.93706261818232,
146.87625826954564,
131.310206927942,
122.8572843473114,
150.3562704692151,
128.61121934254533,
162.58623102919643,
184.73126181886917,
141.74654101583707,
119.67450935582207,
140.83346079265826,
206.04774816190675,
174.8497979261887,
111.95316945187196,
113.94449803343784,
155.3753491796987,
146.5770139567552,
136.546344486894,
142.99972690441325,
112.87924725422296,
137.11447522255946,
147.7979306291158,
118.89511806633674,
115.8175786977302,
120.2198044244079,
134.62088578692527,
139.44708393568825,
132.9271174883895,
117.06433231445148,
144.25983529218917,
115.97025974775181,
116.44107134906804,
184.44000011760664,
145.83956748611172,
137.16204197129903,
152.26493688294153,
124.07794565305697,
160.55591477345084,
143.1801419634722,
114.51592201832607,
133.9063807289117,
194.25830758849278,
192.2069731946814,
154.23205156531446,
135.9170080269685,
111.10803086598482,
134.59755619777758,
140.01502605931273,
142.83896694485406,
161.54597141768846,
136.58904631222708,
109.12976585475522,
127.02889409836465,
117.93957393429592,
155.07033219740225,
173.3635214929199,
151.68561591184644,
131.53564645998088,
125.91049148861062,
102.63402495848709,
139.76574295987498,
154.97833890640666,
126.83156965760098,
157.93504133839022,
152.09508130384992,
120.0831684956989,
97.86192967341056,
114.0133120199912,
141.63099873700972,
173.13966927952825,
163.10510294759362,
124.93307018662915,
127.82498905990371,
175.456087805661,
136.13906971104436,
118.5188647911088,
153.6579627725419,
165.9872443743398,
141.6029685657086,
113.54976364814739,
126.19440753040163,
106.08891980419298,
150.59891287579418,
145.9903737473108,
141.08980814600267,
160.7336376647832,
134.77175916412702,
144.68812147716466,
139.80823091230056,
122.07500952107202,
139.63038458831562,
142.89942175338157,
115.17736472371656,
118.54288097808279,
147.9498517333966,
121.10749822708584,
128.2469518930533,
150.7067784277429,
124.08337252002414,
154.4325439863817,
153.97548907847806,
148.45991582068322,
141.01521626864255,
145.64328683500918,
162.59920689095074,
140.5491054166123,
134.65409194965576,
154.9883435576335,
134.14089046093025,
102.10859887546323,
126.76707980796988,
107.48839557864865,
128.43167251575892,
123.82163624762124,
132.26646215893658,
121.31209443931238,
101.4228908215555,
127.24764971856307,
157.6952883279809,
164.24499342204192,
131.7772827320336,
115.12214546235478,
124.79860378584229,
123.59844062412171,
126.17697798650381,
121.56708568804994,
104.98400990812745,
113.38470588203974,
136.16431709097998,
128.98812152557957,
124.96698711500444,
124.00303975940156,
156.31407266195544,
128.03041789298942,
107.86882661427495,
157.3221419520161,
109.67053362236783,
127.88998324736548,
141.91407352368532,
134.71580380822135,
142.03725978964013,
153.79199504979184,
120.17907084462712,
114.32731184470515,
153.39960039036765,
134.75596575824113,
159.9615183491128,
148.63779760656817,
107.70278125320137,
159.25540526023153,
139.1434586049932,
131.45399886856023,
134.91867116858114,
96.75604573652139,
125.99500981878248,
125.50589018083187,
144.65369474973193,
135.18120445151706,
128.97930686730925,
135.1809741901327,
142.39436854561743,
123.92761799752824,
116.45075621758886,
144.24697774381008,
136.60284951818534,
128.00744196225145,
137.49824553534478,
128.46796622701314,
134.4450732533,
99.34658590535682,
126.57708233744363,
145.23459270703117,
117.23692013607042,
135.29318949902114,
132.08190798194994,
120.32470711377593,
120.70978487851428,
116.7359896738532,
128.9057036293837,
128.26104543034853,
119.46290521604082,
132.98065138705886,
135.42293487419752,
131.06632090363783,
130.8244308851682,
108.08456170782995,
100.81508427327664,
119.47380977046987,
129.56649490744218,
114.9761276789142,
132.3866593371776,
145.41739879486684,
155.9379006665842,
129.75581995156415,
127.11774372345327,
137.9476771711694,
161.44981421247087,
178.41799192347648,
141.46390482534517,
147.07151949513454,
144.6551345786869,
150.55935378627805,
142.8898494326278,
135.23522804085673,
131.68228125041836,
134.37840617072231,
142.96142095644265,
153.50164100107753,
150.0804604564499,
145.24478776077416,
159.76871560313006,
151.4886735179434,
116.1331046789308,
129.79635033653756,
133.8189487949349,
127.96053300867726,
144.1514917597774,
160.23256068643826,
150.20370199686425,
157.0360204713806,
178.1589735037847,
159.2288963557383,
170.7423380331709,
167.41427795981227,
128.94715813419594,
144.645337425591,
146.78720926714598,
158.44615748328806,
140.1121971139,
137.6855153451854,
139.68045495576584,
154.94436091959759,
162.80286478196052,
155.8099217960498,
129.819838000153,
130.85190106115365,
137.76715480839954,
124.17860022914766,
123.00954061473547,
116.07563222940065,
144.56032308621295,
168.4090195309708,
129.2629342960361,
113.23566983392138,
134.78404082308808,
113.81959360740107,
151.29380047001786,
172.59595741705658,
129.65465172318886,
121.41812172281428,
92.91420490876968,
123.87182423071266,
158.21850460615107,
127.37335918311081,
137.72885106127245,
132.3193573592701,
125.09353874157506,
134.5425468415805,
128.25529153111594,
147.62827614045818,
170.23173254642413,
153.56483517492615,
142.64871970783446,
136.2597969356754,
132.00280904724636,
120.75914010683833,
138.98556865840922,
133.49257903894463,
126.26732211743402,
115.06792604607213,
165.13520811414736,
167.86461240184775,
137.79202193222872,
108.09125515632182,
112.25893422834054,
121.48091985225771,
138.55759540183902,
143.75600545908102,
140.91823815106963,
149.33147640916164,
134.2087706521565,
129.24442241156774,
173.98616926912658,
189.79456280440994,
151.72528058041712,
121.81666507368699,
115.41496910701937,
148.42888976746838,
155.99711046065954,
109.02007413395492,
130.08654462342398,
154.01864951382112,
127.21868728173389,
157.13397966244338,
159.77367117517974,
162.69286502283381,
152.71658011193162,
112.71931812270716,
104.05634717707706,
149.15414093544493,
184.72658675829987,
147.24056957872256,
161.87456849493526,
173.19198675150182,
145.56044606672717,
134.13628282594135,
129.53717631998222,
131.92056753475967,
123.78800883990581,
127.54694491959376,
115.36943631391561,
114.00005283853505,
119.60752047732001,
109.72644580388685,
149.35824684609344,
156.06535780926328,
137.7232581810284,
134.97691884728982,
108.19311811439599,
107.14138346743938,
135.7748527805194,
144.24862913309371,
141.36662362028758,
115.848062250598,
124.3321028281237,
110.32834751182412,
117.85151584529419,
120.66725100336457,
96.16628929199707,
158.31290765897802,
180.46568584758876,
124.5347976669063,
106.32646168036584,
134.17983532274653,
142.42074603593463,
140.0064743211485,
121.63959687923435,
129.0621488408574,
165.82703442765683,
130.5934291000261,
142.25481407084186,
160.19424816586428,
109.89151165041272,
138.42559954704595,
137.41053853394496,
108.83502246500238,
123.01964926476916,
136.2410006250144,
126.72732707901167,
112.7580382538599,
111.5129410310081,
94.5375457981152,
79.65388589704683,
109.97941477867327,
143.2929130493749,
136.7371481456366,
115.15111414151193,
132.32032677421392,
150.12191276288988,
148.13342366498983,
139.83230179579454,
160.458715359081,
147.90070075127596,
131.38668730833118,
160.2562229945872,
167.33471418875726,
135.32250273050022,
136.3133894001176,
156.18192661524256,
163.4478458097309,
134.81481518011088,
111.27115738963384,
133.59543825320245,
149.0190518404181,
149.8896779372369,
134.43434430135608,
115.37287112950456,
122.23348253803998,
139.86685849688072,
132.1281505017536,
123.14423221978741,
158.49569345410728,
157.57140125073835,
130.5436721202596,
134.27006938778965,
140.2555041913019,
141.9721416564497,
138.17560357233688,
135.95688574372477,
115.59299340944168,
128.08194194433315,
160.23235870152496,
157.1761998126174,
139.7997789960296,
123.10972534974862,
100.73546443941359,
123.54532842239539,
137.7965754683317,
144.0849592308188,
139.75687720692258,
115.29096480440622,
125.5043106419781,
129.1457904797178,
135.20104929681682,
152.8252777755493,
152.66466749399024,
118.29791774714309,
123.20163235357596,
173.03465740436465,
144.21891836466756,
150.67886019030294,
168.764542076776,
156.35249261956284,
130.52619588548868,
190.5702741183869,
170.0233685553748,
121.72643037635505,
129.33699916586622,
166.37902036329717,
202.11533703075312,
175.59730752148462,
137.42369711013285,
144.58957437235958,
120.10675875973375,
134.76518456880842,
149.9476718041262,
155.04400313074183,
173.64799641081348,
164.1476890640301,
141.32948103799345,
158.49094655531593,
185.71472959754539,
153.59421126467373,
147.78626531048602,
116.5486086744295,
119.26929520262834,
108.39082323599852,
152.60766395600433,
140.46170719869423,
136.52240588615288,
192.08363741697102,
152.98134010128135,
145.41288354678937,
158.12892303402484,
150.13550725106228,
177.4999233615323,
152.67268690805236,
148.8688660746761,
126.41017090470632,
109.3349650455519,
100.14396363952503,
143.1463339972586,
153.44792975554125,
142.66527854305392,
98.7529049191521,
128.51007404637673,
172.67288913714893,
162.0848256940441,
166.79599160864208,
158.25721422572488,
129.41707507192376,
130.46069133666887,
155.47840594593498,
149.1572287679696,
107.59548153684209,
158.31941747421547,
196.9786488684705,
187.0849663403673,
167.09413396372832,
151.47579465866934,
185.67847245523015,
190.44984872685833,
170.07639108395625,
237.31630712008527,
230.0985508172575,
155.34763966417358,
150.00280509108254,
151.88976705628212,
155.79007040921135,
157.9916086205226,
187.4641852716061,
184.3428227832853,
150.33290894423442,
162.08095728503187,
184.62454369964962,
167.54200993578837,
132.24287580886667,
161.60513372020603,
119.98832575869702,
157.440699109721,
166.40027603115064,
120.19456351904749,
138.4179910569331,
129.75104008289927,
171.25634530638982,
168.35600054953315,
146.06788539916292,
148.49305873458135,
147.74743103146403,
193.33241106791934,
185.17990378589477,
158.3777835707211,
166.08240245163597,
109.0300366263609,
143.28734888177408,
124.84386624285389,
125.14381539617216,
176.64115642655807,
193.11384717572412,
155.1979938848819,
149.98962298141774,
147.01689134814796,
147.0082912230221,
195.24531638699435,
139.028739566197,
175.5843844955082,
205.18097814414764,
178.34543764919283,
160.45954400273087,
170.12183252073658,
201.83157664204182,
180.665896936425,
176.43742812287627,
204.00024747342388,
174.25537526288716,
155.7354937439038,
171.80721496062444,
202.17871937693465,
188.26508927768688,
142.6198397999717,
153.0061760948897,
197.53912037043236,
155.083507106674,
165.67681872035507,
198.7377613053402,
170.65609494829587,
155.10849284129785,
153.42494649623978,
179.9893138996411,
217.09076326567128,
191.08630804504259,
165.05063224180762,
182.50866313608063,
172.81218498626907,
233.0634262514352,
190.33980298757007,
165.23810358697406,
159.20153492863307,
160.10903071160888,
178.0034474772508,
184.50628426918425,
195.70632806056196,
202.02413290961474,
177.96545103929205,
192.6039615991668,
214.4889394837574,
203.9215158033614,
155.53346372808346,
194.71777392311319,
213.7510316635426,
174.4229871391454,
163.55113207464828,
165.42855039859484,
182.58680695838723,
227.67137559678676,
221.1096303915661,
206.26320390447486,
209.86499019540702,
179.17469318247157,
145.8970108894621,
179.0271938702418,
242.07135829277428,
257.67424154560416,
229.99151826450353,
248.01536937871637,
238.74294339584827,
245.18732849794543,
275.45243244816606,
261.8825241323001,
210.31466156461218,
169.00376459599352,
214.9952832748233,
245.68780759026146,
235.75563215863235,
194.54494147087894,
173.2459336783605,
195.1630047264317,
231.74716684954257,
190.43211608262138,
162.0503910545868,
160.73172912726176,
198.58686118106587,
204.65511716921935,
177.0491683848226,
154.61721487653352,
171.8647069359806,
203.98025797683962,
249.18900679306518,
218.83091163196107,
191.78983749362655,
164.45298511736723,
213.80291517078462,
238.6720499572998,
175.69136988210806,
206.51612667519345,
184.19580969312713,
236.81039336004352,
262.77776002362225,
213.8580771006944,
189.36449995578334,
177.18520222961817,
166.66822266580797,
161.7163368423769,
158.90048256583066,
186.8665096985798,
176.42582386753074,
228.71567645765467,
196.70532387970056,
157.69737403994648,
224.16854027697875,
196.9716281787673,
191.61102972587133,
223.08829398603484,
232.26436371135034,
181.02463338110823,
189.68753086767245,
168.22813975776833,
198.16612198275845,
221.40869661168443,
191.16583876877198,
203.81547779375654,
154.1479845067008,
170.93232987215566,
205.04971335911472,
125.2926875363564,
173.10197902643108,
159.74477084679566,
157.66307874516335,
148.6630443124838,
139.72038545756112,
202.0307925993273,
221.54060853480001,
176.50091661288533,
210.19639639452657,
190.54998802658267,
142.8567737430638,
183.97368809825736,
182.60300750600456,
203.51442357643577,
193.88685173566844,
165.56026621415432,
153.99125485213,
168.73496189208387,
184.92392625157194,
196.69746644368806,
157.2741638464966,
196.00013659534824,
188.3636976332119,
173.34339817547723,
185.91677557637536,
188.31375643990808,
152.8776487468903,
145.18132411813784,
174.71158782016735,
172.9165574773835,
180.63084043911937,
206.06591643951595,
175.0513666634802,
162.18693630725258,
245.82998533675323,
200.77102345608665,
173.86688132752622,
184.3135524871845,
133.7316726438447,
162.87667733144275,
182.42536693582502,
213.52434017133294,
191.89566600370983,
180.6723894033032,
181.02697088852315,
182.53170860900556,
166.13224740254844,
178.29003182888698,
195.11722104388664,
173.67098278876657,
153.7710506803992,
167.11989282468997,
185.48766904084897,
169.4174218072519,
169.5312878875922,
129.48722881239894,
158.62883511650213,
188.41744709223292,
163.27461556831227,
154.7468188513004,
152.83287367663263,
154.69319608949723,
157.70835452359302,
169.69244142364323,
152.89762027919193,
155.1629611646327,
174.1024343391323,
185.81596255091745,
177.89993487717229,
170.12773035694786,
158.08998105534275,
146.54412242949002,
163.73314992536615,
151.14930498401677,
167.61187639497265,
156.1829664767829,
138.527807689648,
164.60293072114266,
121.72142445901824,
186.82570146235622,
192.29255050221593,
176.26618120591868,
158.75082253534708,
153.23669641487768,
118.19052157322042,
119.47168679893939,
156.47996983437307,
155.94999171063222,
122.19714726380376,
135.0687227427045,
147.6403774523165,
162.96707131390474,
169.06685418814874,
137.23243714637766,
161.54254780961205,
139.49359888884177,
130.23384414114616,
174.48118237789205,
146.03701791229005,
125.03930275035896,
134.86636940942816,
126.28127089973705,
126.01524396395871,
136.16969287148234,
119.66410443063023,
118.70590255478648,
182.59201912082142,
165.2285956568075,
163.23024672545415,
174.70028441149725,
165.0728306863901,
141.02391543314621,
117.99670036083609,
112.3610024674112,
136.63832035063862,
162.58238467412704,
144.49096451999222,
165.53207641601847,
152.89209379369487,
131.37929973717485,
117.06441786112042,
170.40508973052826,
174.9202066951959,
118.07312664867591,
132.5267215417248,
141.7305248672506,
114.13364778443872,
115.77347593625682,
84.16874865695789,
142.57452812157413,
135.3317797781584,
118.37735548979647,
114.10303610410946,
118.39572422248585,
152.15401301457712,
146.19074125856415,
138.88152880171387,
117.74903053405677,
115.12056601645361,
141.5672221298223,
147.67940383382398,
121.61305939252543,
137.31732780175045,
127.15672531205017,
155.0417122180653,
144.806936012345,
148.3474565791985,
157.8717796818869,
143.31045394136004,
115.10709790486216,
131.34337349304687,
130.07432664912739,
141.5318541313675,
123.46458091226293,
112.4429304829193,
148.23776360111157,
135.89603001355076,
117.77610751800788,
156.0094323618805,
158.29897494607712,
148.20984456104694,
174.6279250314583,
164.13973964370476,
121.77083684391276,
123.39204832064434,
156.55897773537063,
163.5433245235646,
160.82086482938257,
126.20289996891474,
123.97058579334731,
121.9364649510721,
118.39282118350955,
163.6392120507472,
167.14721589961414,
136.13800417854165,
142.09586797739038,
157.19257658833362,
131.7005649817248,
103.11244812065652,
132.4743631363355,
136.36579323096714,
152.50097242385954,
153.0202974655066,
160.34536049959743,
144.11506254763148,
133.97651719922442,
144.59213436530845,
144.32731670602354,
128.20256367613788,
168.5351021492363,
149.5638574598444,
138.1413804179456,
118.08838032104184,
115.50965107919173,
116.44150227610669,
128.70008757624302,
148.50303226602023,
149.42811853127648,
186.08496194248812,
137.72881385743102,
100.8394174968879,
129.91075918818376,
158.77409120711815,
131.24574034473773,
136.07156987978755,
166.08746565562973,
164.6836599426314,
163.77750298234167,
145.7511296001852,
140.52049949835566,
145.85121148760976,
103.31923285366148,
123.17998666536884,
126.52295414546792,
114.42315345521341,
148.76534793355066,
170.71333977418146,
168.27902904054542,
145.25059834682685,
123.8908657248609,
141.68335493934754,
143.68428913367765,
137.8183608529819,
143.80552894582982,
144.41192068174544,
121.66786006525352,
122.04592955070206,
155.6620580571545,
123.52939424001829,
118.06667010544965,
119.17999231529211,
166.91121154594896,
176.13258703467383,
177.4007947147271,
140.0103038571617,
136.70117183151888,
146.66844366118463,
137.35914825261975,
144.0372468834104,
133.22055357482034,
119.31934222223275,
117.07145222606862,
109.91810220800053,
144.8743030256869,
138.55973171823229,
143.30600770096694,
177.46724782075972,
187.74467008660648,
146.83651539872,
144.57376656454593,
126.75443635749158,
120.10806066468216,
136.70019197372088,
158.98349624189763,
144.8126410934221,
124.44462000607655,
104.98582022871699,
129.5213708149039,
133.22569873990838,
142.56814311036038,
113.46240205986115,
125.02098440379008,
100.76376220182509,
108.74439353307706,
115.02244666458121,
101.72864663658599,
111.64092176356144,
145.74628343472318,
154.4117220498141,
171.29737707969045,
178.26233998613233,
143.32071303679808,
168.6697524701581,
151.36449011375365,
135.8225837698165,
142.59676477456534,
123.71919520392699,
141.62248651126077,
153.19107135070465,
153.32036100648097,
179.41088756292814,
125.78645683218595,
163.42161955395986,
162.95867625056079,
132.2132288737256,
116.17102302182502,
119.57105250342983,
134.81673089582364,
143.90586337348495,
146.50258263187968,
120.34390590635208,
136.83648966511365,
129.14655456504022,
151.0887818735575,
141.40232090399596,
113.35871787739714,
106.07954224587755,
107.15282968591089,
132.64263257143188,
146.28322217156799,
133.89701680441223,
136.81533642480963,
118.64160763144235,
108.27257456744863,
159.73257855010968,
165.90673928261464,
155.51342406992524,
147.3047676423867,
163.07863352880747,
188.81236954315585,
154.41723752128382,
108.80061442264069,
129.77410260516314,
155.2658511641555,
118.43444270861342,
147.17038832801998,
151.03853195895442,
170.16145332170805,
149.75758379760128,
147.9315007054113,
149.1107235075853,
120.2291458498993,
133.16266417515942,
136.97928116779053,
128.80659424857592,
131.69546931320244,
141.23753552910318,
146.17929100875446,
155.21635410451825,
170.59250500879952,
170.43246369153027,
129.7913554515172,
114.58468367605302,
145.914749068239,
138.2113002321929,
133.68722424535724,
132.36403252252387,
127.8276503353574,
150.32615640294046,
146.44806785499264,
137.51826526184092,
162.71997743565495,
136.10085136858078,
123.90473964054503,
143.75784023315472,
146.17559272731177,
154.54045391500262,
133.83836980335818,
151.61063919397665,
164.78731930253676,
139.31077371422478,
165.05175552464715,
155.03394508692276,
172.19809774420088,
187.16748403362925,
170.20068515687336,
160.45492988217586,
155.94813575177716,
132.57422246383373,
119.69415998713777,
126.54335133397211,
145.713961101429,
139.75634934621456,
144.03272146380135,
114.45166202918618,
110.0808766388154,
139.51000515637463,
124.10878459822575,
117.5017872601493,
125.62704820242348,
134.58024646688986,
163.03769660470186,
202.11231516842824,
220.1603777301245,
152.29250163771954,
129.58783073607356,
121.27624624224075,
136.15098381695935,
164.49721499668908,
174.99432709234105,
154.56507093994654,
98.8120590314946,
111.74231230780548,
101.28798565633628,
112.07123758541924,
122.86768951775774,
159.2104881410371,
157.39913693674367,
147.6211931585985,
141.8167730866482,
135.49293071420317,
123.54709479923123,
85.59252026338538,
100.90515407574864,
106.13666473281309,
148.91730942997492,
156.41647506575544,
153.75585748242702,
125.17143802675687,
122.68885661548147,
136.3717673694731,
115.28226159797603,
127.63282142946326,
126.31172327628374,
111.4249836347578,
107.0751614999554,
123.73551727018655,
126.73893494184804,
149.8235677371695,
153.85412335185225,
138.63718851605023,
126.54352637920454,
115.31878841708127,
120.317853333964,
109.88149349623133,
143.81082949753608,
160.1932220187422,
161.64184941132973,
132.9691099419835,
119.76504332655266,
140.71041902780354,
120.46742703268076,
107.90507733095558,
116.07316208922832,
149.43429536273237,
137.9558908146991,
117.6409272630103,
124.51080790446198,
135.6982033543185,
151.72897941370317,
136.26284003540394,
155.28570161862777,
127.90616751442276,
146.3496056563407,
177.49780284059133,
127.68843179721614,
117.01627012527742,
175.17152253965338,
162.3618764077634,
140.78752660169306,
150.65829112151218,
129.8380759959681,
164.35912903747794,
144.84546643921067,
136.73621795466792,
138.7530361833099,
128.21072334553142,
110.97481710301702,
160.87280856579187,
172.57157344862506,
164.33030916023625,
180.02978839248195,
135.20987963679045,
170.53579036209834,
170.74910210930443,
134.62070251809982,
150.58277058009395,
168.0979285784215,
134.03028093777152,
151.75002959389641,
153.95667067495893,
128.65511468481208,
105.8884951542177,
136.50150757846242,
140.57055167424966,
104.1565793469966,
142.07834696808823,
155.88876011410255,
165.90083579479642,
181.28982661978714,
131.93699808954068,
133.56612453034333,
163.23706357348325,
149.1015378201306,
136.12551954606067,
175.88768078815417,
188.14597346552432,
156.5503280456578,
