224.92666666666668,
125.03491159228588,
56.576623878850164,
84.81048395139848,
20.219715766975,
23.922490022792907,
33.24438196897374,
49.20557799866323,
6.770105912223422,
20.971406516288173,
8.781721294529603,
22.883338156747634,
6.123991809113507,
13.971655445349853,
8.960917364171356,
13.080127069344472,
24.974656656929813,
29.280319510547496,
13.825366913435817,
22.799488262691995,
13.876035642047352,
40.8689692267537,
21.79016883230395,
12.09249191879427,
25.727767830899303,
30.516286605104874,
21.28278614635317,
31.661991694312054,
16.407382238621306,
27.200327252408247,
7.5619712638818015,
33.95560344863527,
33.27076398146378,
17.156495003686757,
19.567929115253797,
13.526214907835474,
18.349318242936953,
14.023589755242133,
14.024508277571115,
9.227610051942877,
4.418641529997831,
7.177788438116119,
8.072542264339402,
21.415400118243028,
23.319544959539005,
9.541766638031014,
3.0515955737877074,
4.276908226849559,
8.672789383582748,
19.36921091966959,
23.07156945895394,
13.854611499142061,
8.34901457873106,
26.088881330882696,
22.148845401389597,
4.308820981348798,
8.159887278176045,
11.204759086295935,
11.104481963014074,
4.79575262495172,
11.38929628807419,
8.095089657296434,
8.719980134584914,
16.024248682333738,
7.525462391779093,
11.665252596170207,
16.402307727409614,
6.207711777310109,
9.640409258429878,
18.02842106567978,
15.83725712458549,
9.548160118745361,
11.016571431729892,
13.396471989999686,
22.37052875931702,
32.51130690682806,
25.453236090604392,
7.7358776569117245,
27.44810566080991,
32.07065667905557,
21.740761446236213,
13.7314706991649,
2.605355761404198,
11.917508950639139,
16.082835429094096,
14.130882761991264,
11.589791034814725,
14.493107773998082,
24.363387843468217,
17.893693514163857,
2.3497490124075533,
15.500295593278716,
14.99349878337686,
18.085263564547933,
25.738443866114192,
10.342471017459385,
12.613268357954754,
20.38310613318465,
25.963050016430046,
13.125516343268036,
13.924465554871034,
17.52616140876119,
12.862268273784244,
15.545283193467602,
3.201454628295298,
11.899469798990673,
5.206736495057616,
16.807075285906848,
11.484350880863833,
24.712659586903687,
9.408305621535526,
21.169940482118786,
25.536087916897316,
3.7395330749526394,
16.696516197814883,
10.12812510924216,
3.289370100731747,
3.277679082212254,
8.92829791082824,
9.302664437285943,
4.140745811969727,
8.274215377676024,
11.465062920265433,
12.60255409231612,
1.7840200004568154,
11.445205067413953,
14.405071394936169,
15.937825980937522,
9.644471232212142,
8.264010667579422,
17.654635917115286,
13.217413238769854,
2.7301660770048626,
12.071932701280769,
6.996077982977721,
6.9701184666243226,
10.12503678416623,
7.866496626501799,
4.6458811035318455,
3.091123803325375,
17.553589175003765,
20.66122048308697,
4.447158156893251,
16.51696074115706,
12.206084955538522,
5.806839579752803,
8.838374005584695,
13.074485760132083,
15.687499362092266,
19.583986316218375,
12.177198297920999,
10.89303384258227,
10.913075508093648,
3.783696523137255,
8.269877598606687,
8.626803752238542,
9.391661775808533,
8.476406903060914,
13.138015991646993,
14.750867262297659,
8.657073660867633,
4.541987848009289,
16.542229008600973,
21.43668006586661,
13.688678211621944,
7.108267757595316,
16.357954740491003,
12.588885770687973,
4.059397336062366,
17.815050943638646,
11.081761062030775,
7.832222513463947,
10.731510600546667,
5.429238373854795,
14.949832365656956,
9.858775249240082,
7.992121418750207,
5.504539059605225,
2.5294059579663735,
18.033912883853294,
27.288188693120578,
14.356620518931164,
4.977905949923588,
4.58787728475087,
12.27391014982413,
19.570259104102774,
15.847766498330943,
17.58170209016583,
14.457904855364013,
8.958259888248072,
11.610548169925458,
15.561722695331168,
18.11997453236488,
27.761096648180075,
29.519162689813875,
22.320177011175794,
15.017374925236838,
11.534573297253967,
10.732916168464113,
14.365647536207268,
19.01287930628929,
13.431096431678323,
3.991714575294988,
9.422346331183652,
20.27025322937302,
20.121966236459546,
9.222744935606764,
9.858584309710487,
14.559447216328243,
9.031589190856131,
0.847083429837712,
7.9544027887447335,
9.0218191708246,
3.1521372745739797,
5.312826428706255,
9.12078916643186,
8.867646759985735,
1.749178001165731,
13.702255303313034,
15.662244344138092,
8.153586123607921,
17.758111539459257,
22.11836945226931,
18.469497365773265,
10.8770414580066,
3.491779334928467,
9.408414292121746,
12.496413020892488,
5.850813111961899,
14.32345365614854,
9.685581553033902,
7.934717005068385,
9.535626623671279,
14.094374949796103,
22.39782502675895,
22.896350927599908,
22.67330905880688,
21.33142553841251,
17.78495973491244,
16.770261800482228,
11.38537574147836,
4.249365001502278,
10.25607506085185,
13.201746942180055,
17.508941839664523,
7.1680306096030115,
16.538712605048243,
13.885585009203698,
9.340846934766075,
12.700069640646985,
4.319914138258281,
7.978062984899943,
8.087160532597103,
10.535290028808967,
13.0517046843334,
9.999978505980975,
26.425400895633405,
28.9592688175958,
17.364950302043376,
19.72852235328161,
14.724888857512186,
2.995148009297011,
14.924888546772946,
12.680941968125689,
6.865589315549017,
5.690590969940192,
0.8486057766306001,
5.1961659254668815,
5.114957424536007,
13.32715688194978,
10.013748174979977,
15.065732297836176,
20.33131572108087,
10.657213265249323,
13.350884880692808,
4.099331622894513,
15.03819943221246,
17.592004562810004,
7.819399544618482,
13.905363144080813,
11.304637271043084,
6.168361887250025,
8.643780426983223,
1.1162461147138243,
10.993670186827675,
12.517724549118213,
8.970877196281878,
7.14975485914781,
10.3269558066088,
4.80824418662576,
12.904117419506095,
22.501410099728687,
13.702324835911819,
3.389926360145256,
7.827272523197136,
14.21591862890689,
10.855531216967234,
10.634949042435832,
12.305076142926458,
5.1948966212602805,
9.467468150911337,
17.82097585620456,
16.872166626219958,
4.340422486965049,
10.284820979408003,
13.867813889465566,
9.21097573844318,
6.101619349967434,
17.891416078063717,
19.839937341612245,
12.24125277077555,
11.510357512892469,
10.200055485341444,
8.584444045598497,
2.6012810554234185,
10.544708361255458,
10.731697494869795,
4.1009601647937854,
18.92558918294046,
19.339640661110142,
9.67829755685897,
5.163149868050798,
8.152105431606177,
8.316497765716544,
2.6391406009719343,
2.073284445255003,
7.032220335148214,
10.165299995515372,
10.351315883111798,
15.192990990473868,
5.541871049572616,
11.860569992944747,
13.170234921500779,
2.3879884615483133,
9.515206496482648,
2.139886307786955,
14.297580774119528,
11.50777575938022,
5.044644884899735,
12.892595297451296,
21.85695213515741,
15.097155129928927,
2.269246179625076,
3.045646136879244,
17.236779430209022,
23.976902084267127,
20.119919483275517,
20.21564882078173,
14.274962044585408,
6.987471594058988,
13.385311176239005,
9.11858632024932,
10.131813812464719,
3.238785952160163,
13.1089623680593,
16.009571825327402,
15.708077805075744,
17.754071330791856,
19.115008642852402,
26.516897789996694,
11.580441631327448,
9.187814442774396,
3.9093251382361114,
11.810491377724171,
12.621421503275359,
13.950277793237898,
12.216143349727647,
10.634745573003423,
9.268256866983261,
14.744252662099878,
17.84142147113459,
2.583203428233033,
10.60212338515458,
4.676666483796379,
16.964798612844138,
10.04625990199873,
9.13073124580563,
17.169171845315752,
12.4812685294563,
8.11190538228548,
12.755663523986737,
16.512993142959004,
10.386426283454709,
3.6067788333829496,
6.733355222357229,
7.034053753172595,
15.638030118412122,
20.532616765275616,
19.578375149135034,
13.69663940184729,
6.906758234806501,
8.692644832825309,
17.478153251703027,
18.951321281538895,
10.75363213992392,
5.302374278311828,
8.477855683138158,
16.79909497801755,
17.783509822180903,
19.95976147001286,
15.516238018355269,
3.437357563403139,
13.35761849985513,
11.34920120072965,
21.268447455704493,
20.680439316224412,
7.610038929200204,
11.242993572976895,
17.149151484661193,
19.527646853591108,
19.26366467921032,
14.425702775876475,
4.470346255090819,
6.321927477135987,
7.625860623306534,
13.533352290278701,
15.717804704111664,
15.307601472518213,
18.825017497323387,
3.1146253361202554,
16.930241178403435,
20.388777896582884,
25.46061336992476,
28.506079042942915,
11.56132171214655,
13.38229626108669,
20.126586072017172,
2.712792770404609,
20.010291124483093,
16.185334788126013,
5.950989387962427,
17.51668859362914,
9.435752459153338,
9.340825847818065,
14.353692761572168,
9.323363673750734,
4.019818301319207,
6.897153706047361,
15.824673582255814,
15.415951693458794,
23.918964215680212,
26.4319328743796,
19.108662937950655,
25.012903397398528,
22.43144477450395,
19.27903720142171,
23.345488775786006,
26.84843307211739,
22.02807455251399,
12.574263870161381,
10.292961566838164,
13.2378840750292,
13.725988789150064,
12.637902125701757,
7.472923794662935,
4.627468071742666,
13.169724470644391,
21.80705204560543,
23.672699197110365,
12.768125787063806,
7.478244805608897,
16.215328563376147,
15.4919740557432,
11.185036946352133,
6.467080361515465,
21.403479169361393,
17.823754872887616,
4.186941946445148,
7.864476209635283,
4.474646508566097,
15.197774752992714,
11.185318390585234,
17.299747317800684,
32.13860625882358,
15.862545875100015,
16.62744647474471,
18.818136336443352,
10.721803358203887,
19.90620221504037,
11.493498374620042,
11.456774266792879,
2.3990115275714983,
14.755465983530355,
13.551694868829339,
9.83234071810704,
14.017101557066441,
18.673773935147498,
7.401662553317315,
22.32681280626482,
20.352704122310648,
4.740139213882218,
4.145738345744069,
2.3949102323935394,
4.344724309609068,
16.613058699070987,
16.213472814747295,
10.449179539472267,
6.095657840552936,
6.731093132156972,
6.40327142598888,
12.302676623305727,
25.93920827736234,
21.593083364744903,
11.815512481226767,
3.6339529206034817,
1.779447562446287,
5.492234297554802,
3.177140379272835,
8.430921796738694,
14.741988392873589,
9.002992632318513,
8.482054579356541,
4.647192955788242,
10.758648243483806,
21.601012157377998,
19.672810947076673,
10.09362987554591,
12.414571117785618,
4.730165946395519,
11.577060776850452,
21.1524402749865,
17.486050329676257,
4.289079553064404,
3.522340402452891,
5.389758356208289,
11.347834681830332,
4.227279420071488,
14.8383271944507,
16.241734300088037,
15.391682526412604,
17.96771447794417,
14.146572457287695,
13.67858628206966,
10.015490652640413,
3.5672657636549228,
4.356609978166069,
6.260631062054985,
3.907357929228049,
3.6041969663118687,
7.625091540752579,
8.121294093894662,
7.085363935846176,
10.939615886385626,
6.713354174425274,
3.1953566507940083,
7.02931225889355,
3.2696610479223667,
21.68396998815064,
24.574131735514275,
14.651522303135437,
26.210545044194973,
13.042214894946603,
12.364328122501975,
13.834819352239846,
14.883425173349721,
17.376395784499657,
1.1669378803490131,
11.344007205134291,
14.138081359296628,
15.710974043940531,
6.149619753578474,
17.251553152341963,
3.129115248941161,
17.16240470788587,
8.35110516583159,
15.10053468069376,
16.69217333086766,
1.0673974155474037,
11.413525003203082,
10.047386045683206,
9.229381208299149,
11.004069433470388,
9.432358665852329,
9.224913951920744,
7.269082292093927,
9.660900606002741,
6.76223000671752,
4.813312094511507,
4.707116834837633,
9.622907522050834,
6.403772819168704,
16.450979868034228,
9.40140579173482,
9.77210746709174,
15.020548539539062,
9.727620475247203,
11.696865143476117,
12.469654535290115,
11.592558318485803,
3.9085485032361036,
16.519186988555415,
14.109974226909767,
6.703869394695623,
10.435962621929486,
11.246883573780321,
6.0750683685291245,
6.1391805897655685,
7.77548873675619,
5.507609699108733,
3.075788657909578,
5.419687339669799,
5.935116477320447,
5.93657406188522,
7.63152039241885,
10.252310204623807,
8.98328603255386,
1.2274967098100324,
6.83777278618329,
6.004683159243407,
8.046425712708333,
5.87620873859084,
9.832055085699507,
20.899175121976985,
12.106349044739524,
6.804319598925481,
10.35674398132379,
4.252786363868004,
11.7135514333875,
8.159546828277369,
8.352525394240372,
7.885433659879171,
7.445716416232972,
8.068277356756845,
1.9763892215980876,
6.251200963261455,
6.028142442444811,
5.39864068641608,
9.710130728552084,
7.339196728559705,
17.618826460703765,
14.360536262780453,
2.162036172291469,
2.4545882512055552,
8.659745756770612,
9.903280771998181,
7.732385721386925,
6.293820717089652,
1.6809231937579208,
2.7995202242244384,
7.204049341859455,
11.822195064605214,
2.6319353742279956,
9.566822738261575,
8.480704962771508,
4.43825354945254,
3.0700247080395853,
12.733956650127825,
14.037440992594513,
6.840719545135291,
0.7879352090797659,
10.833528245154236,
14.69172713759565,
6.543782825867896,
10.372818774323898,
8.703540737719706,
7.56446032012824,
13.63444937062681,
10.077996894297796,
9.918743878042312,
7.23840130429333,
4.1974891159901,
15.247886034532884,
17.54066357542334,
10.045675007355602,
5.063866303573064,
3.1866229048076278,
6.761630540025312,
6.470103437224814,
1.2774657916850527,
5.087331110651509,
5.646536377992691,
6.476269046192779,
5.947380716435962,
1.433785851533589,
6.879978920226154,
1.7927768672288116,
11.063538272968914,
13.109782369699447,
2.2507473742490807,
11.661358356592384,
5.044818503543064,
9.521119262180848,
14.101144234319404,
7.306770607035989,
7.488970144720813,
11.371370271457197,
9.854121990861282,
8.438661359231686,
13.509768203390923,
19.30757835758652,
10.884765843874709,
1.9680132171932696,
2.328371817545691,
10.641494688083933,
15.068139751318112,
9.512203309346221,
7.0035724287585195,
8.678708409613284,
17.28587322992445,
18.410341083651687,
6.448380263637585,
12.093154771190129,
4.430942856689143,
16.523756684527996,
21.155811958261133,
11.352523253190139,
6.468679721525873,
4.867809480544139,
5.729404826561289,
1.6301307865799484,
2.2652418688946856,
6.405266732703273,
7.977790146801432,
8.596036311186415,
13.994011401158726,
5.372889599588104,
12.16677744322617,
6.757860740063048,
7.902408432547742,
14.42450885810419,
16.095672369162113,
12.940681088771429,
9.939350932757337,
13.1977223800983,
11.813720748031143,
6.422748352986683,
2.7597559805307257,
8.95065830707279,
9.264076939009133,
4.676960747467908,
1.590785941496587,
3.964703017964423,
12.391512774641297,
15.760299842283176,
14.323600809079267,
20.320315628196116,
15.581496269136089,
0.4121224858556147,
9.760156137125065,
10.716063764085092,
15.23321590386732,
14.66808186833684,
7.80593231320593,
1.5648465823517752,
2.047422520936284,
5.3677188146249355,
4.895209006649573,
7.890078020214184,
14.295541067127203,
16.098410211036597,
6.947256986269752,
7.617237923541065,
11.129275813384853,
11.758038982377652,
11.451107174761384,
4.82202648239461,
11.13372769750821,
2.4666094765988804,
9.305686400944397,
3.691791795564974,
8.211461778774972,
5.009952897373928,
16.770959382593915,
13.773472282685864,
10.475153425761057,
16.32982454580106,
10.960393099224072,
3.3014283001038818,
4.8060827341514205,
1.5627222468504276,
8.84559665067133,
5.605668734043435,
4.840496080520026,
5.239145716402345,
3.8886768216093164,
6.418788187271725,
3.8081830815028006,
5.2932964837468415,
14.12472904367381,
15.868756096045544,
6.9311361680440555,
6.128011863443484,
3.740523158200807,
12.639729396083897,
8.253574490214298,
7.387775168672607,
15.847415688935252,
9.21668217481607,
9.977732346896934,
18.002830001797687,
9.929548468997822,
5.181629554876308,
4.502097041070325,
17.03749515255223,
16.516695824679594,
12.148730053278388,
10.318483127226871,
11.780835934496832,
19.176903112721956,
12.745974752720313,
0.9774866912511836,
9.254994202380972,
11.445646638187256,
13.953378404463963,
14.410801487875455,
6.577833195923772,
4.20241377002492,
5.393167938666679,
8.413786718679447,
13.200258701322193,
5.6599004104849895,
5.843701124608471,
10.169181625669786,
12.528671045207394,
11.428932785505022,
6.170466006803108,
5.394435315987468,
6.104446190313926,
5.777442772581173,
5.851280427298813,
5.740236094598409,
11.058609113915468,
13.3168091152218,
11.22799303798334,
7.554668640820941,
5.105315317749803,
5.423480365621342,
11.4616829772841,
15.474485773598548,
10.787155355221431,
4.7250603160532805,
4.691492184307969,
2.1690814186896823,
3.0471774035645907,
3.5174557269095295,
7.09399626181565,
12.662942197107832,
5.70598212427073,
14.749843438256237,
16.00347889191526,
3.486526736272446,
6.912342075933383,
7.336390903190561,
19.89081674884749,
18.279040933952203,
13.765109554610996,
22.030801587315526,
26.100427968980046,
15.26803762901409,
8.917657298918025,
11.646153552920664,
15.368210835878095,
7.96114875611359,
10.724399391752124,
5.966211120106441,
15.661209078974998,
17.75257968441348,
3.6726575775745802,
18.523775297537167,
8.05293558915508,
11.394628222002815,
10.749959895068034,
3.3592629426047096,
12.783272088646713,
10.744068652595777,
7.007027005125177,
18.694900414183007,
18.774214514346603,
7.692631930488691,
10.697590553392294,
23.001634506294945,
16.958125131310144,
1.351169814735915,
6.0745573511498065,
5.579480522748558,
13.83076681477658,
10.185966459234681,
7.664060093616844,
2.9814156010631936,
7.514571161761641,
7.928916458871535,
4.475982777817904,
8.935032384334379,
9.929752868066762,
9.153362061624287,
7.571651657982388,
12.211382232855131,
26.69356470636452,
17.971289308834773,
1.7554312654039343,
4.724282956030495,
7.370370632993258,
1.542472271860249,
16.50405092396272,
12.320721493229733,
7.184136942483939,
10.847686724095746,
8.822022575134973,
22.89846388859652,
19.269281219243297,
13.01519021164099,
2.7516865838251925,
8.127320719782308,
3.6713432444808327,
6.709432071056555,
5.526983989166232,
13.003512199511333,
10.697018351751995,
2.8398132580543227,
11.052655504207154,
16.153551226204794,
14.153686400274577,
8.314909488074415,
10.709109210560577,
17.672583153343357,
19.120733915358286,
10.993640328819682,
5.171983787630274,
1.5541534722510162,
7.284154260943489,
8.281439808354754,
8.354316558248435,
13.851282969284496,
8.609509010305667,
1.5925443033770306,
3.578360357237132,
13.288727986879461,
15.202570782071906,
12.035300959309017,
11.559519527475919,
7.29343779494403,
10.94196148877443,
9.082942363259034,
7.919185197496053,
9.187856526604172,
11.861623883350966,
18.489255750184736,
25.80055633761009,
22.338847258840588,
17.168266222812264,
6.9801788078796285,
6.892543724509312,
7.429335187815746,
5.73721588998379,
5.800490869190611,
10.460425415504613,
15.271138590095214,
18.527896112817082,
14.551541447224068,
8.995221966334727,
20.716056664559307,
12.415220093823223,
6.171747073636029,
8.230228607692599,
8.774288377467723,
11.7720341616333,
6.8142112883700126,
12.639919435184272,
20.21188078469743,
11.017054061535676,
6.610004140863268,
8.120727693090002,
10.415131640683919,
11.577466775713821,
16.12607747641245,
10.599271658028917,
11.902327170209286,
9.4428484914521,
15.30662600785792,
7.041114336067613,
16.070781093180084,
27.58149065613694,
19.17375418826018,
7.19804427313246,
4.161978188687055,
4.506679462675783,
12.890935379082022,
12.744201614987661,
7.357941838031053,
4.500249838951853,
7.095373650937158,
16.25691020367335,
14.723537053180253,
14.833564374248535,
12.768323272209036,
5.290588624525212,
13.664193574563965,
12.678264072147972,
11.446134141557197,
10.136645033280207,
14.460200674360511,
17.107864614416386,
11.875851626758562,
7.650589361790459,
1.5523574656526997,
7.325272633323814,
9.374758801749676,
9.072175575626941,
1.8716247703134528,
11.56440791257014,
12.628500101089896,
3.8037872718328605,
7.349266126192224,
9.945676004788012,
10.89692673634969,
12.662072601014646,
11.815628048881043,
10.97397663943349,
8.684880677907765,
2.8481499004184108,
5.49920909010632,
9.970092494417168,
15.283438016388763,
7.961616106166299,
6.303891230990136,
9.102352002948425,
3.4638917643431766,
7.198261710315556,
1.9624905109558315,
4.7740650473926705,
2.83198661892988,
6.620636586847544,
6.686037773910791,
6.37446123033102,
7.491329700433122,
9.087648723621916,
13.227794900777688,
5.849415557417586,
6.997664399852914,
10.26166388784256,
2.82785500413994,
4.6845142271864555,
9.071851700732179,
14.30364421334578,
18.109008430727748,
12.302424778092297,
2.1870955848275937,
10.93769133393755,
7.104046268244541,
4.848732844702636,
11.514596372609574,
11.030298832877518,
6.291678572716699,
6.065544174915777,
7.143597776719446,
7.691490322626025,
14.225439223388639,
8.352243732898527,
7.50824560820709,
14.595640409887057,
8.311560071210844,
5.385726845189247,
8.170827973304634,
6.488822220523174,
1.136147456244962,
0.6700664984645762,
5.977589499866777,
10.898953770087918,
7.2910462361165616,
5.006560911040453,
15.968042642767657,
12.122837199248693,
4.17906987847125,
10.632521633236683,
2.259818600687419,
4.892223394623938,
2.6343250699357568,
7.782083884299984,
1.7937942678165333,
12.605371523131083,
19.170260671599376,
22.359927694961126,
18.831518777606696,
8.017398976098752,
4.133346055592886,
6.285604763900446,
4.742682161526229,
9.576287738950777,
11.661156819214199,
9.278424948227087,
19.17683692599845,
22.4125681800709,
13.572656764799481,
1.242447136794813,
9.380553010970347,
13.980311604734394,
13.095223778052006,
8.604542903053833,
5.008864869158903,
3.4459780374971043,
8.535358845457802,
8.44910518689856,
5.319626239103209,
6.5051680306855495,
11.188332471796025,
9.498283825913774,
1.9053268355820208,
10.863923689551454,
10.588866791476397,
7.119845373669015,
15.302612173992284,
17.778417601963458,
7.380316960117667,
8.577402054477568,
9.97295089030302,
7.397561613998217,
10.29833667076605,
19.190195722831163,
21.30059658161132,
21.457155932886852,
23.078451519200428,
13.275977453998319,
1.876978843312158,
4.264151560050444,
8.986060590971702,
13.062391305862606,
2.844914172000644,
9.47140820383563,
7.135963403052835,
4.555232621216202,
18.44907650029616,
23.789490254806253,
10.696460031921186,
4.8404611255230074,
6.386202469235045,
12.642161326537659,
10.090137812525443,
7.319247350053954,
7.192787254094702,
7.537861855425061,
4.86015050203397,
4.596366594011609,
4.389415674461587,
7.023972553379277,
3.129418334579584,
15.394222578134238,
16.52503499928546,
7.282726609938696,
20.325496761853223,
10.340215783602611,
12.757618166486413,
10.387001543770404,
3.8492302738467084,
8.199713485127804,
5.7718041557026885,
7.065722525365842,
3.0163718350434294,
8.669094835540186,
9.364064024302209,
11.35208990827714,
8.48394452795849,
2.2244655728104528,
4.408800315678427,
5.938545513100217,
12.009752365159908,
9.343260314692316,
3.256701009885793,
3.3399153240287167,
5.260121041857652,
2.9474404043324127,
3.196907438416457,
3.7057915043179785,
4.901321361872913,
4.836146608487006,
8.194539666611556,
3.9182165592210603,
5.208954380826093,
6.714253969363272,
4.393397626902393,
7.39611159638097,
9.473230076872852,
9.130241317210277,
6.436788454157157,
12.847559244738413,
10.76549122671744,
0.7716457951857374,
9.559617016301896,
13.85587952575088,
10.23678478136832,
6.460735200792479,
7.228414334178644,
6.592598897981237,
9.921491987789585,
15.226822525181017,
13.03501399902747,
4.398285477752518,
5.4985054523254835,
8.528702164337208,
7.238354232625174,
6.132892125865492,
4.450929337409078,
13.399894960835184,
10.259069196926836,
5.454174024585122,
11.074139546018152,
9.204952018589239,
6.944502419390921,
4.668890429016402,
3.44313842446443,
12.198195178745049,
9.83450822053552,
9.368601352997407,
9.163226082407876,
6.3129366368617115,
17.676721149267653,
10.062554814440006,
5.261479636602717,
7.271705858803273,
5.021844930591012,
14.174863703335498,
16.47476476427453,
10.196353427357838,
11.376419716701129,
16.00640406071758,
13.317249414628307,
6.703664469335064,
4.722433343950575,
5.0300510487388514,
4.629534195850357,
5.711938127345708,
1.9985713443018291,
12.922970849696334,
15.491505452881887,
7.8292501790349815,
1.8142795107010985,
7.9427076075196785,
14.290495169109214,
20.197667141088548,
20.491674415650234,
11.46859325937343,
4.496539102493096,
19.96145487536154,
22.919098842951957,
12.600675920202196,
8.412242123081551,
11.07716610127528,
16.74537993013502,
12.214132055635073,
9.100050886914367,
9.231953515827973,
8.336678559896633,
3.830244044251296,
7.939279313719874,
11.2322565960952,
11.19355166833824,
16.574109498915423,
19.40077809164623,
18.12319602672549,
12.32467487191314,
8.315329805072809,
10.171122881720741,
9.340490355715275,
0.6358417884500814,
5.584897174685902,
9.115847276047528,
9.627524131455644,
2.607247893715329,
13.028000727893078,
11.97610698068852,
12.61112295481939,
10.47023182373948,
8.826503111687458,
10.243890659107398,
8.887473886081244,
12.487035956529025,
5.098536857491673,
12.23785161076886,
16.667506413181407,
11.442658973644608,
7.674077128132423,
11.059365474984931,
14.354400341677227,
12.327024578268958,
7.854709756444545,
3.483477472919193,
4.9460375325102195,
12.531004201623809,
17.04846207143283,
11.720214458236676,
11.677070653054818,
16.959129859209867,
11.648557468800291,
9.711163062536462,
14.930000397965886,
12.226737743159502,
7.675475127454196,
10.171829824379508,
16.29313363239711,
17.079938056259564,
10.992752382939512,
9.648936528087733,
15.686949019052875,
20.295796989182925,
12.133411978130999,
9.878611003834747,
27.060625769487928,
29.868701316030016,
12.145559118573617,
10.005917801973444,
10.089792173456857,
6.355522997989409,
12.283555520245837,
2.827581610315018,
9.952635396567661,
14.556033859761811,
18.012333917878877,
16.09281223478632,
16.915240019909664,
12.59646575316208,
12.31307615598187,
9.951227554128396,
7.736105734170949,
3.9577925114984693,
8.600189586027696,
13.824344500065461,
11.974509303919076,
4.738681339058485,
19.479122700685906,
23.706144690049403,
16.20309688876282,
11.037571123397852,
10.010278358779102,
8.151214710210297,
5.346786624232874,
2.0475071896579657,
4.69411526705463,
13.010079005216767,
12.736132574601438,
1.0554371870489165,
9.561409415760831,
8.412486336321328,
3.0007651810397005,
14.68157745005688,
16.818830304395064,
9.300972824829616,
17.15775409353329,
14.714155737724154,
8.407129929812193,
7.689315780795335,
4.620354716237509,
9.026120557815895,
6.268883768971107,
6.432794302553453,
6.853295987299853,
4.250098772540391,
5.058047345434225,
3.305591641079147,
1.4208066624532725,
5.021592100147532,
6.6556731825675515,
2.2549601314829615,
7.98388826674959,
8.821848005796095,
3.5640041804735514,
2.1182432136901364,
4.805918018942789,
7.373628003482097,
8.714797629165185,
3.9517232684931525,
12.739574056722054,
20.47227113560298,
14.59389990013938,
8.240880036396947,
14.384576010937574,
2.1238274482463613,
18.347148089995137,
12.106066808769818,
9.08088988372596,
16.508163545065422,
6.294544567708308,
7.679377364219338,
12.019998116967312,
11.23230679333163,
18.97988042910514,
19.676814099454752,
6.064879880528501,
13.182179057901546,
18.236126104822965,
13.106215521021909,
6.120303906571571,
1.2458893943770897,
7.503355294509452,
3.7424305694926043,
9.154638250187709,
7.248569807894618,
15.907271439517826,
13.7549859084199,
10.282066937562902,
13.01955662342537,
6.349052264921812,
17.92996544911109,
4.338644684624352,
11.406802414132958,
13.727538695262172,
20.56372334808728,
14.697850853666592,
4.913450616346379,
5.308649704460204,
14.373981220374517,
17.057252301286358,
20.571226484943722,
12.375512555143686,
9.544566094996249,
14.827941773473524,
3.2178064024050372,
8.469581747723973,
10.07446202140941,
14.29416898353489,
24.325275124335793,
19.46090662292246,
1.8420750678705358,
10.217040021187517,
13.756871164790565,
20.680222059389006,
19.89775620771532,
11.242894404605638,
6.5358195724963855,
6.295673236298588,
3.275618914437233,
9.1063772401811,
12.801363063140789,
12.140664626244533,
11.038882458492157,
11.35562067234432,
4.2622830786441135,
6.756148228753792,
2.4421012478240014,
9.037955473522624,
11.747843616902854,
5.0792014979970235,
3.7692384106091836,
6.5723939650621235,
4.901989236881416,
7.673274032087095,
8.916489378180065,
6.261578523101227,
17.772685982260228,
6.900966913623252,
19.642121124172984,
30.382741832619306,
24.063971573490782,
19.33230538719792,
6.444799751843554,
19.9624248583654,
29.586213171569486,
18.697362261659578,
12.75491037621997,
22.160841325202462,
11.499626686502044,
8.424089534167761,
11.694234329766855,
5.245526062641684,
8.685039150757094,
11.756451094019349,
3.397144487356831,
11.664127526764512,
16.345240462263323,
11.162519805523285,
9.798292096661122,
15.061311443507279,
20.30961772117906,
15.096893499712884,
5.146285211969329,
13.922247956542243,
30.62643325758392,
26.8980229890838,
9.151646984213771,
9.674297352912069,
20.871021106266912,
17.69219584328772,
7.464923794531298,
15.369135301362395,
16.265195499295867,
15.2742781155035,
13.544382968229169,
4.112530347533509,
21.715145080798536,
24.073504266213654,
10.528624872118707,
25.01917949126101,
20.183994144973937,
3.7544585144033147,
2.6477305186844147,
12.184530039679288,
19.38566496544732,
20.22539587956995,
9.271062215751419,
11.103250934570438,
14.823764461591358,
12.783652051765392,
12.165550893267477,
18.87717619673393,
28.05895278983365,
17.35497046580438,
4.278362461095336,
12.811504084346723,
24.447735037208815,
8.99773115935407,
21.81528134847342,
29.644388323047096,
16.717652240753157,
15.489515897768804,
10.674571076584787,
16.92648386565837,
9.210673908105761,
10.177903886320014,
10.684313236547785,
6.706484462952299,
9.283365246086248,
12.326177818312521,
11.701166528535053,
14.916449076316043,
14.99376349540716,
9.147769187867159,
25.402528615645235,
21.662263955384596,
11.33108819485461,
4.096500753069744,
16.990849609865183,
7.031516574336588,
17.16590411807628,
22.347561941903734,
6.291112375055885,
7.880720174089609,
9.73689088763033,
18.93192221479279,
11.48051113789793,
4.166121729830345,
4.7442846490946105,
4.544710015990218,
12.455823355339852,
20.029196046463365,
16.876890475255067,
8.837129755845625,
8.81913214500949,
19.096997377574425,
13.99698606173322,
1.0058029649478577,
3.48587268844619,
15.615980214262416,
23.694864662874323,
13.083838345250127,
15.45307467984803,
24.67642352428484,
18.345425948741934,
13.908234823586263,
5.618063691960017,
12.648683747079575,
22.45304503298359,
13.202449573865495,
7.36423728863583,
19.199166701604657,
13.39022552842505,
3.76473283359231,
1.145185216663366,
6.296059398678785,
16.51972900280285,
24.10814571820519,
13.738693533185817,
8.187085409746192,
17.945051485029744,
9.25037812633566,
3.839702933240472,
8.274315847766527,
14.4540826154526,
15.985706086247335,
11.345016026963293,
14.34240258823626,
8.654271353112929,
5.459586533104786,
11.532235637077461,
14.732004276573468,
7.761312350301467,
9.509049482369205,
11.950616853565673,
5.989300361258968,
12.855945350483147,
9.517547363553064,
21.87007335158019,
15.532997449053832,
6.873710019130389,
2.0317801945356186,
15.881631882319452,
14.650639299102215,
7.918347682876457,
8.890153432346397,
3.025716374682875,
3.761578290485627,
2.8605607325453404,
0.8772747093062139,
7.264316209087079,
11.295327530590601,
14.71877090609281,
17.670552587157598,
22.14170772586135,
24.019979992002774,
15.953775706412506,
8.212527387300034,
7.770042604945988,
11.370540042929344,
17.380539165320215,
12.855337042629577,
8.118117754116248,
18.33828233523604,
16.777800428063404,
7.040093839031215,
17.818100182415538,
14.148376987076546,
4.034970311996733,
14.673182220270405,
15.28022277530971,
11.545322004098018,
6.24098076983259,
7.072074246447331,
16.79364524643848,
25.351587470680283,
12.783707864502354,
8.703683087333763,
16.272858243287256,
8.81034199063213,
5.9823158387347695,
6.512384519840634,
5.065432586617565,
9.237870993451116,
6.679737250182137,
5.358249769473425,
6.113670326719846,
20.107662317902573,
21.495969245031535,
6.0525802566010105,
7.255680245603857,
4.151636041258992,
14.65917238313188,
16.94361846658564,
7.311530845629796,
3.0428708762745207,
6.765826824245172,
10.835719893179524,
5.639777237903981,
11.453693469419932,
14.563395505764264,
7.791950362130702,
5.977164130152112,
8.81536212120117,
12.405325231894246,
13.405212702361506,
3.056427259472354,
12.055910243654907,
16.773670506864345,
14.652927198440688,
7.884147277677557,
3.9972241738110155,
7.21960023643935,
3.1107557352790436,
7.443721238323053,
11.22115140252916,
7.191780981722943,
10.191976320623445,
10.242967382955857,
4.116364794349615,
10.188769484890376,
9.887744450530475,
2.2784474068109044,
10.043209169876983,
7.081558322331585,
4.066261795076686,
5.069461109895287,
13.382349597377658,
9.19355002939557,
7.456194333227973,
16.124446876478647,
9.875387113052467,
11.071812907790068,
12.506837232464727,
11.298035377983972,
11.545293441399604,
7.778326317709736,
2.003473904419649,
10.188412436826297,
11.52295885526433,
10.034069052318515,
8.873400986067013,
9.05261296772907,
3.523428482626374,
7.921444907078958,
12.39191955445983,
7.974262011043032,
4.337703253527654,
7.6062083305898875,
10.928630515610156,
5.886661927208457,
4.462851665221983,
7.673042761259852,
4.955248936661356,
4.327583945729472,
7.667658022724744,
11.677297155826365,
9.447332037852421,
5.471000674054541,
8.205118478067257,
9.238613051879558,
14.211674628318312,
15.707175837746334,
8.867489360361597,
6.177292117988282,
12.70184899563868,
15.844846800300568,
14.05196823843549,
9.202288235883671,
2.0641092165661004,
9.75190474194312,
6.012636695643523,
6.706247961412998,
12.336928513701503,
5.625404048781509,
4.882178666895823,
6.3912759250792295,
9.02482928670042,
10.336975194429678,
11.135215700105777,
10.528486555884104,
3.4716464884124094,
9.238815658035062,
17.9254184348771,
15.556365017627325,
9.591110657989466,
8.501299615376888,
12.570371625186676,
12.645107770822621,
5.82611826121766,
2.142118708492016,
7.695916558173007,
6.839014524745647,
5.240133691189319,
6.032157199947846,
6.976700101096275,
15.112815931447424,
15.78043695158016,
11.24524115536773,
3.0394399239665644,
7.714369990022395,
6.373694407341538,
8.970127854666623,
14.28897997491108,
9.169380757994334,
7.348479142663763,
1.7748935489333804,
12.297431594316047,
10.199819711395834,
2.35067325690661,
5.15230562155646,
5.197776236524725,
10.9911936928996,
4.860643246651355,
6.760700454452088,
14.826480987287345,
14.581740703577854,
4.357180503231532,
9.263710543221048,
11.852064644833984,
9.297743322567422,
8.27316439986469,
12.053139897982566,
15.521881785685999,
18.71463780481041,
15.189774631872368,
6.141879859585888,
7.128099485320415,
5.466490137105442,
8.10315481569249,
10.597720462731163,
5.42255417876016,
4.898520617364769,
9.136335077785766,
4.190372998331075,
6.999592933528729,
3.826114599858092,
4.674059523993385,
10.054949873250086,
10.71706496338692,
6.064359709671654,
9.753170487701814,
13.326874864316837,
12.425981048445639,
4.043121081110479,
14.177108420167924,
21.226092556881945,
15.390266487445817,
6.670220664707883,
4.224255194727481,
5.400963943738247,
0.9790816812528242,
6.276250200718805,
11.769178911115553,
10.520511483831324,
5.437799857161578,
16.84301403894304,
5.8984708188652695,
13.8281572555243,
14.938343146348428,
2.5557440209833664,
11.830958977083322,
15.216651803009105,
15.095021242583005,
8.01462645106772,
5.907527530554416,
5.728225918768626,
9.565069218103153,
2.7794292667844744,
2.0508756581806855,
10.2529957808796,
19.738094429086704,
9.787459099172807,
11.924545674205136,
16.58115802449213,
8.031760392206415,
14.478292260310385,
10.85009340316401,
1.869991472679128,
5.147659675408139,
9.941623688364224,
16.141672515862258,
17.949837622307545,
11.661448672470273,
5.630233099073913,
2.0636990312767924,
9.31393930128211,
11.755742109435948,
7.8063012692767195,
4.2065310307157135,
16.476008991995023,
17.4712370407674,
6.2055015363721955,
8.97978571035638,
12.590538637772056,
8.010147525854643,
6.336590439225205,
10.605680448560525,
3.688309674758826,
8.209066003794627,
5.044094294724105,
6.37309451667117,
7.946515463744284,
1.3166562662754757,
6.641015485868765,
7.755412534756308,
8.125004002824724,
6.729161180527947,
6.033997778553335,
4.633846413084931,
6.6603759853272715,
4.741849819626575,
12.989968319532077,
7.1052676959662655,
6.084903593959359,
3.446373725612411,
8.479060770237535,
9.420237585822862,
5.620267385452586,
6.279954441764624,
8.895244178467037,
12.147839699379034,
15.515369751265851,
13.414488756437937,
3.466615598493867,
13.108924773084047,
8.525130652946098,
2.632956314238075,
6.028047010764851,
2.5050162278097066,
3.9693709030081075,
4.3746146959189804,
11.5542144645697,
12.453386252759167,
7.375341516308311,
9.949641200827589,
5.018769363392921,
8.313997046373542,
3.674844222769971,
3.8724229725653325,
3.4186456432244623,
13.214102768225318,
9.382145322227426,
7.012403459188026,
11.901133851079248,
6.064463987913796,
14.21260293855038,
14.896248071122779,
11.801306365228548,
1.909320920290888,
15.922167000509393,
20.790488486407924,
20.518440427812806,
14.017033227846516,
3.566740684515485,
1.3670360911471995,
5.981861665812564,
7.9262761751651665,
4.901483875996214,
14.115858744296773,
13.75618242884019,
6.2860917074815745,
1.0842983659942442,
5.451344304941559,
9.217635840473658,
4.131121568950471,
7.696339743122945,
10.726013680817452,
13.202972630796543,
14.568067339293409,
8.948014342422171,
4.761412039167703,
7.048553458460054,
14.923159627224484,
10.083266997475429,
9.6664688477063,
13.550871831880311,
5.065033396965465,
14.003550672584476,
9.514479662652443,
12.489622611317001,
13.707429231343626,
2.792582296966711,
16.418971959669538,
17.699597163213085,
12.922513082526951,
8.433385395357357,
4.2112221947358375,
2.010231344542498,
3.162684009527062,
7.582637219645641,
7.137334697094749,
4.817549672598714,
15.278330189106509,
11.522229317340562,
5.159742188300411,
14.403237992794756,
12.056640986008984,
10.500750077511158,
8.75574018001815,
2.468955985736903,
6.842669258852219,
6.363710974675321,
8.277812793732686,
16.285886341112523,
11.551275413318127,
6.930758286194742,
7.085726742689098,
11.179921715725735,
4.5500264874697365,
12.176069833094466,
14.932289796010046,
4.251700554628923,
10.482615928889215,
7.419222927843966,
15.711484314996074,
5.514577471135171,
12.391546238637305,
13.320010621782687,
7.046859235663317,
15.603852749012228,
16.760413011880082,
15.2403790578541,
6.948938713556702,
6.253575586397217,
11.550038564628444,
10.50478183623208,
9.604595925518069,
9.578766721003488,
8.32166770843986,
10.79999573712968,
12.448785386521507,
5.749292237459971,
9.92021835313853,
22.536687264496546,
18.048576426285766,
6.233846765533929,
16.011405776043905,
8.69338749935832,
13.77196097815089,
14.661834029125682,
10.30864788232374,
18.252414509284336,
11.507069581163243,
4.721336493376979,
9.838648947836797,
8.078819007565372,
5.589916415470485,
5.840929899419245,
4.470193104568845,
8.381144131658973,
12.611687856627157,
3.4269150113756957,
9.294414543097336,
11.472161839054849,
7.185056860470377,
5.889607427341606,
11.151174193388181,
12.811131414177215,
7.216198726543588,
5.40344611626553,
10.72308533618291,
7.135676632238792,
20.400815406836475,
13.258146784849469,
9.53051553949967,
13.815002527177219,
3.4325815461585294,
16.97596885081537,
15.078027437420873,
9.077962797151057,
11.164769760427514,
16.652565564107647,
14.294996493984767,
11.215145646383109,
7.244005197068631,
12.223974098290636,
5.319031104484398,
6.123930351424743,
2.1857751303693775,
8.16953335199757,
10.396759527004628,
7.672087424275716,
9.681488930830643,
14.960367027407214,
15.917469924061093,
16.441302414319974,
11.419510781152464,
7.487577294053072,
10.919578093836204,
11.684854665455772,
12.504567547943088,
10.8139783337405,
10.473186635730597,
14.75906433630159,
10.64750656702773,
4.695026125156605,
3.059253548241969,
8.767027667950718,
12.046458115299936,
9.663128272014292,
7.467618631274749,
5.544321728512596,
4.103227834913685,
4.178187346660443,
6.924317453282355,
11.187428825208123,
14.260723951644263,
