234.79666666666662,
155.6774951917781,
34.17435044187263,
37.02444249542309,
16.35840213062556,
38.62773123013335,
18.228869578201312,
25.80720509473238,
4.698807356765305,
16.27851763565169,
22.412998099760266,
27.0726680009713,
3.599844195000397,
10.363005094545011,
8.701448601908774,
18.92964357131435,
1.4193441192106593,
16.642026405636685,
3.621778370207,
15.359944340124455,
18.597092745798697,
24.640393869090214,
17.661016497408845,
34.195110232101115,
35.56175731323115,
24.427322512494065,
21.751905777563444,
9.75791918319168,
17.552563584241117,
29.2901546468426,
29.26625495994082,
16.341851512127267,
29.302451318123087,
19.402158028177105,
19.5323406663831,
36.370625782608165,
20.892376404007994,
39.541498782865304,
34.828014373922656,
25.203878138339704,
24.30530739251072,
4.791108588478009,
25.05986195630854,
23.58473505747429,
13.27340951445525,
2.3912880502803366,
6.439614245090801,
11.599432021103032,
17.8977659680278,
4.942118586586303,
19.320800285887533,
22.926527300814122,
2.4407792653326883,
21.31865412976135,
23.999617970278855,
7.324298264641161,
24.81458152527335,
31.582081514353035,
41.62470076954125,
52.96602151883822,
32.10731635185166,
12.436776571700157,
42.81539518826413,
42.876403995154845,
18.397660674033922,
20.350419918514792,
24.87362565340538,
8.004251793298309,
38.44285307810808,
26.527671403416644,
26.655424190464434,
45.06956676446967,
38.17741818919854,
36.64895683345738,
19.274337828663953,
19.23543575126913,
15.637453167912403,
11.339366420528007,
24.701327472699887,
30.490784063699735,
27.100068427425345,
6.7655395697062035,
13.571047547120342,
17.24611058519658,
17.560985254045445,
22.56029750580579,
16.43084288865815,
5.771233178286952,
3.0388287083055854,
10.784552453011573,
24.501434531898045,
29.841286045139782,
13.889768518272504,
10.802909539443414,
15.487006651804256,
15.25815995415654,
23.381196664451192,
7.358227784007071,
15.943830968312724,
14.917157923883568,
12.746325599758524,
30.19156856503278,
23.928630455611724,
13.468990239387773,
15.543503921085895,
8.346636006607799,
3.128766774511551,
4.894474375899042,
7.789246872632013,
13.358543983829883,
14.747507988350392,
11.865148562342986,
5.936804979415475,
5.807210254866102,
15.54927209023014,
17.960534658345914,
16.486080744673696,
7.483640080484816,
7.6353211359465005,
13.554618574462882,
11.672630480158313,
13.140617626125023,
10.705900029038908,
18.322112928416864,
23.91315577019001,
19.98253400042342,
10.762102624230893,
4.318974892328414,
6.511117183035667,
6.71573706035121,
3.3495129571893663,
5.750552165025887,
10.880958206530758,
7.914182526333533,
6.175740681612509,
14.35664912943427,
15.471063627248286,
9.869162407358521,
14.873921761862029,
13.459927373074635,
10.253165169199617,
10.383590991896789,
5.129997204665574,
17.184851286523347,
15.428571335665492,
5.532352668932682,
9.046136159302282,
7.310010081692834,
11.65750473258589,
13.156676686514123,
19.193216654773504,
8.261268062944122,
15.840296631816724,
20.46347223551345,
7.104783063335941,
11.885685269661886,
7.03048455121126,
10.496739901772706,
17.082358946028812,
11.929665195787562,
7.580838540950046,
13.073733092721653,
10.057308845079989,
13.271063610903656,
18.02243094681342,
21.982448949158695,
15.761174335251724,
4.482221311351114,
21.461253320046314,
20.43378622392136,
9.178562686865144,
12.317542885608274,
15.691073422463724,
12.767555394024697,
6.6004331105028875,
5.98683986344247,
7.79453294624116,
7.762093910801996,
9.786134376754527,
4.930390148465491,
9.504712678685172,
11.984116697620106,
7.305481900987191,
20.769743145471203,
19.165900033776175,
14.448444735095388,
10.401213991905106,
30.003484618807335,
30.86162070689085,
8.44166345625344,
17.392889076058836,
10.240647225303118,
13.05780981309155,
22.265551397330416,
10.508380858747252,
7.429168901464748,
10.044008409969743,
10.200736802914456,
6.11219969699627,
8.457241333189337,
4.144710180083488,
10.163078261234558,
11.452923520367934,
4.908497023749684,
14.505124042701645,
4.270669493468486,
8.799610863485002,
1.83885664997273,
13.744268940847071,
15.85873771983933,
4.97527972865531,
3.523185139886819,
8.262190913104128,
12.46029372916637,
12.483420722769795,
9.803666928969324,
13.309195129066275,
19.54377945546827,
17.80124854457015,
10.543270928684352,
13.225442311470767,
13.514918906041713,
15.292211663902467,
21.171577771197477,
13.198319829859848,
17.441227617237168,
20.22170908993616,
6.168954276317755,
11.66197589518456,
9.17651042075428,
14.1564582758456,
12.801808519810017,
15.332421810894107,
14.544198117554766,
10.344925484078336,
14.482375481270648,
11.221717955699676,
13.832997703152515,
20.121475711092828,
11.847188842685597,
2.423645180224138,
6.660642661782547,
5.042261025435196,
2.7326837453080723,
1.112215169318617,
8.015816717072655,
13.05662886755394,
1.8042896633309966,
18.869913079431683,
14.263922931060849,
9.48963926261776,
17.55708449721287,
9.233711997355433,
11.579439694497527,
8.815982353367106,
25.35160652058857,
20.38378020975703,
9.318677826736291,
16.144617247455297,
19.51086259442728,
3.141478145195329,
20.52668892174144,
13.525823264271816,
11.97686875266602,
17.28196892584803,
1.8888369282668742,
11.28561425560512,
11.900475273468553,
10.143156435504443,
1.1701735394287662,
4.134431335667463,
1.4396851666311494,
4.927956403961085,
1.6978366422867497,
4.84884778324923,
4.125545343749971,
14.82264336961748,
16.49895424243925,
8.541526303353553,
1.6277670257884733,
2.375324490071342,
12.833790747332921,
20.01700130354672,
20.60489943650237,
18.337766633848027,
13.820037253070174,
12.722707694287262,
17.005033309162428,
15.064892128686196,
10.492597763847614,
14.896145094131265,
6.654999251918366,
7.585645582967048,
10.988236702854982,
6.654185786747045,
7.587107922132646,
12.980560105048971,
12.854540137531181,
3.6265652819568728,
2.9549911958985104,
4.94567421740341,
17.87384565008496,
20.489175288551284,
8.21926840232629,
6.841038177569868,
8.176219797557145,
1.1953058072721687,
6.949754461001758,
3.9323662750976007,
7.557337601838094,
7.869352439672837,
13.648290183663308,
21.54566532052236,
21.014567594534565,
12.834870787436133,
7.132593104364997,
13.174736317395304,
13.000532144851222,
10.731298347014716,
15.182460251726676,
11.589755865041923,
5.42579387440466,
6.258112188563141,
5.187743256625794,
5.267394125378347,
8.220360118178373,
12.849479410508284,
18.166681152098096,
26.176215838768,
21.811757811558714,
13.179365604213135,
4.6458043789712,
5.4154541840678085,
14.565738579611672,
27.04834829123428,
31.376120022092497,
22.190545952808854,
18.819201733840877,
13.22354934561199,
10.65600441913531,
24.163740854331635,
7.918270146320787,
15.025153883222467,
13.753513058128709,
17.877948042296133,
21.279919989782883,
12.096754694072539,
5.90746516873053,
15.624776981090374,
25.21743066368656,
8.178627402991518,
11.91631452546844,
7.365462416869506,
14.040324825492931,
18.03944853582905,
11.204993370460986,
25.747048874672092,
43.26381238479856,
38.225297008089214,
14.910041455600505,
9.617546822212638,
15.648608386199628,
12.947250395438205,
7.851461944682498,
15.642904995387449,
4.292797128756644,
15.46623969651934,
19.756849516097247,
17.66020595475782,
20.740305520772733,
9.87223797753527,
22.778627089527113,
30.705876884256867,
19.59829200594,
7.604697914753121,
6.323562230616344,
4.661770628026591,
10.776135850567476,
13.093694311417275,
13.277022037407837,
10.480648842080969,
22.270404219789107,
18.287826359829573,
5.921774774721947,
3.384505603708214,
12.895470312395652,
8.711372533817071,
11.108185157698452,
20.09242731475127,
12.575056478330893,
15.573222353253847,
6.774320497897253,
8.883200771114817,
6.498016616132324,
9.841426434014819,
11.434918504955474,
9.103494085580191,
31.579873701467392,
36.21068780218467,
25.56925157829905,
17.045104160840303,
11.516660272627286,
3.9933653127849382,
13.90692966150956,
14.631765424595544,
10.706719671483244,
7.828649640238502,
4.940185928837068,
9.638969421095442,
22.09187159120459,
27.980470393694198,
17.095197942710858,
2.014742453576287,
5.615420869140471,
10.46594404668496,
14.002681253497594,
6.860026288040545,
7.847153545200896,
12.564717501579974,
13.212377028120356,
8.267863843691941,
9.409518016201796,
10.12455681487237,
8.573120129101206,
7.307996291011041,
3.000805886764327,
12.944121610501286,
21.214817561355506,
14.255857713101342,
4.416318467234548,
10.175784603147985,
11.27376320048341,
27.10039176426898,
29.66054492529321,
17.928529570115916,
9.693197704882017,
5.85483620475872,
16.384412082047817,
11.52694101770322,
6.35053902175006,
17.29416845756611,
13.841142595405477,
4.181575483751071,
8.550322071484315,
15.339389189969328,
21.59917715640752,
22.421279814043675,
16.08505088645965,
8.649011279788114,
12.315117481011384,
12.605813045110883,
6.174009604801017,
13.288875236260377,
21.2172525828185,
29.573312912771307,
21.90901768222967,
5.97984648415125,
7.728857716409812,
8.397567416556429,
11.238993079748694,
11.319386272990032,
8.627292021906262,
6.188956846193346,
8.95701330489839,
11.420221754370864,
13.384155003934572,
8.398037839639828,
18.449169745242685,
30.34946992442259,
21.260470574394848,
6.467100438541195,
5.270963117804152,
9.673773565854637,
3.1604906926728216,
25.984932756600514,
32.90279341862475,
20.566332315389136,
13.80297475894247,
16.118684583271087,
16.066415432059134,
9.043215235392358,
11.541411045108429,
8.75749034416023,
10.87590284851153,
18.066123406578196,
9.350867152038989,
13.768574635324859,
22.00328544512773,
16.91278123780252,
8.303094182888726,
6.975596707531971,
9.821935804212504,
6.193629070252031,
9.804211635950308,
16.97779682381019,
6.456301892681008,
11.91617274236795,
9.831103894415497,
13.461946841977825,
20.746127687133274,
8.620745863181016,
6.852371870318363,
4.255561198386307,
14.60813313879143,
20.58740186779306,
9.919670716389179,
12.543239167082746,
25.083730134793928,
16.12121707065058,
3.140301555973173,
7.019664663729895,
10.968791164352792,
11.397498032866054,
19.111740738265922,
22.446152944777285,
23.503829987224606,
28.65170052031417,
23.99655610284125,
1.5956308632169158,
19.105863458490514,
12.053693282210672,
17.430511512265692,
27.20573699188924,
8.902878479691957,
12.49335800607252,
13.912470517065483,
5.37460598858766,
4.6635656441234214,
6.532102337183119,
7.713681833565287,
7.838993101398838,
4.325728936844003,
11.146486303793107,
13.842996743701281,
15.005430808502208,
17.99794393598723,
18.683922031879927,
13.5930205719308,
11.053626396257192,
22.071202108110135,
20.701974689465253,
5.506868280988671,
15.107089856527672,
20.80667889588179,
15.756316007049554,
11.46885729698592,
6.543853560380707,
10.918618165202867,
12.135147290577963,
7.484863107169256,
10.104983751018237,
19.120053056697568,
19.398552900219983,
14.74545629666363,
16.64060368009237,
13.937954232594361,
4.357623198627014,
7.296511955399037,
3.560409625527487,
2.33635016522382,
3.443941394676079,
5.772618621189724,
3.182313111373423,
7.250072656216575,
0.624575418820106,
13.853225089856384,
17.138989291268267,
5.945643257025545,
6.268083596853301,
10.98543529248743,
19.47830265304853,
31.91582306253178,
33.8341470370039,
23.26688137679826,
7.984693188235063,
15.890861615422216,
20.860252204979975,
11.129842985594822,
2.077768132633594,
4.381979868453493,
11.992046866780191,
12.644820980750701,
7.745079391513608,
5.112540293206732,
8.442606652222102,
8.558488146661059,
8.194726958164704,
6.525704860160668,
4.008595400617851,
10.031959757315931,
7.199149020781571,
1.3196113486817225,
6.559979600300169,
15.610276110451322,
14.018358861998193,
2.207999816616346,
8.207521567982422,
10.937310848414768,
8.585366550346205,
6.1796899378209265,
8.017973093747976,
5.691175518033779,
7.876570861173689,
5.6352172759586505,
2.9269949164221325,
3.1562610448077297,
6.283641730971914,
3.5186231932682093,
5.110200370795292,
13.755237635215439,
21.717903363706867,
13.776030746701354,
2.3065580243887265,
3.2487868776114497,
7.128059908180163,
8.807776077815307,
8.599204415398104,
9.767671463376736,
12.439690837764337,
10.481638358988139,
11.353244970548543,
7.689839740323012,
9.51986723071939,
17.043767871128658,
16.0270363913594,
16.34770630027329,
16.635237957532382,
18.524633669684427,
12.953462515313554,
10.262782969494367,
10.607793278154487,
7.207694914112914,
8.428613748194698,
12.6273813012453,
10.34593842146195,
4.6938189901551315,
4.964011246610209,
7.281324089836621,
6.248967318147055,
1.904855123142551,
10.083960683193526,
10.624321096649798,
12.983805132673442,
18.75829134562796,
18.671635440828315,
13.778184546506026,
7.573901035291223,
2.521520912985607,
5.564034588880483,
6.892675996431153,
5.310194828257958,
7.920608285253982,
1.9727451092172623,
7.993073281688722,
6.169158064440249,
9.161623339010546,
7.994909072833871,
2.376314655190242,
8.512445095700993,
9.626526007098512,
16.77740559723235,
21.71946687876949,
23.681285717474243,
22.642930628411555,
19.934192461750317,
16.938820757943926,
7.64755632541926,
7.781103995275043,
16.68090043991756,
9.559273300486787,
8.301492060364957,
15.90464894097124,
7.183006444811528,
4.247418941818999,
2.545742558048465,
8.060615452421132,
10.912903401422613,
6.571547665345462,
9.485065503181435,
2.406331554979711,
11.974156876061576,
16.099228569834967,
11.481144532489816,
14.205005262487433,
12.402627998342943,
11.296176297702617,
15.080588780627334,
8.622694984824694,
3.191374269971909,
8.533119807717041,
8.677665278727373,
10.931256309887718,
9.256364150371649,
6.955458875984644,
10.985956998645598,
20.523176761189383,
18.50028776505054,
5.343651047159067,
10.03814444756854,
11.15559833438949,
2.482667391532216,
7.550697377413325,
9.388544350044583,
5.892714373349415,
7.4333010286097085,
10.215603695358864,
9.904844722106853,
2.6708788339237404,
5.682356927807987,
4.657146635676206,
5.59381208564182,
1.4128314850924952,
13.783022090250453,
18.51014165544365,
12.59216417589644,
4.819088682192389,
7.421046910332324,
14.110775300958553,
15.029035670797382,
4.552904895947048,
9.92472140994562,
10.326211087461951,
13.45311583465383,
14.910008784902093,
3.9020060787103223,
18.84554730714265,
17.99866093843229,
9.988276241585618,
9.188749068417797,
1.9994494979356656,
4.458384880672471,
5.4590461827894465,
6.640956710117376,
9.631417874318515,
15.846912234141293,
16.252170643546187,
11.861144699380565,
8.536090139553396,
6.240385295228743,
7.413783914191858,
13.839386602241154,
11.293575655498417,
8.963312311882124,
12.968321399652995,
3.484324438132722,
11.311674246231739,
10.149429932466255,
2.363490923403755,
5.629395629233121,
7.575369706294761,
11.186904485956179,
11.492685215138406,
5.327328480520552,
4.677240933269951,
5.3752692777578766,
13.07420349458165,
19.618196290507896,
12.120932501953872,
4.1445611582004425,
3.080019278658682,
5.8302318454395055,
3.684992926372995,
1.7996504014388601,
5.076576925810936,
13.313097806150891,
11.427910369763769,
5.63581563091976,
9.409854616100208,
8.128846146814752,
12.66716677150044,
13.74983191303083,
5.8988055470242085,
8.398508892256784,
6.611893946077573,
5.77518309395572,
2.9277342039901044,
9.672153438753517,
19.38481833600925,
21.61653081496461,
13.848149176965041,
8.934457698436443,
9.932576019556963,
1.4828985005978685,
15.74121926554556,
19.04490450473557,
7.440915798858961,
11.161807539442252,
14.8688953655051,
4.488980843595276,
8.68095950232792,
7.487277639628979,
3.7738636375358916,
6.248420737868798,
17.41269111984823,
17.968875149147696,
7.002949561550707,
14.060983587726193,
17.714261702496206,
15.20358481369783,
17.523684917801035,
17.096272810242507,
13.338862751323735,
11.616085939688713,
13.715839782761588,
15.724341983100045,
11.137969279626184,
10.151836646564053,
20.402165101084954,
21.402348436871247,
11.542563796944721,
1.3506840100047088,
2.1169724001472776,
15.339384095289354,
22.50656290453507,
12.750828897447859,
1.6997774265883805,
7.575671278132617,
12.29426718203775,
8.354016382378987,
9.175932808490723,
16.396783182970534,
13.014041781646661,
8.980624057835257,
8.385157848950948,
12.752980567655792,
4.94720144995641,
7.8364709060445055,
11.505398143480848,
9.404246484756229,
7.665251021880852,
8.370954774992876,
9.26876978282567,
7.314549884519766,
2.5410316893635003,
4.8701803495085905,
2.7960758822119747,
13.741777963783253,
12.832508082677824,
9.214997270200799,
14.27180179249962,
2.4092479121603008,
12.208781295193218,
12.124511456671888,
9.351379742124854,
12.267739537841155,
11.51215748304364,
7.052994444796491,
4.300193067478147,
6.046121368094167,
18.400841256767755,
29.136143664861688,
26.95409131948513,
9.996889878234127,
8.13478880861454,
9.817669848125329,
4.477582317444553,
5.028083137588616,
7.701067841695739,
19.2896858260807,
18.99549744219052,
11.9573517197966,
7.298976534436249,
15.256404087338506,
17.132519787089635,
16.94588037268105,
20.101495455850873,
13.067549132474074,
2.524979772026059,
1.9219592887146155,
3.9247006648842775,
7.611238573489819,
8.549341620996753,
10.864747865981043,
10.261133264298143,
8.5130439442636,
9.585138964200025,
7.913281645325581,
2.5468337387940205,
9.02160234358113,
9.095288140750682,
18.097899609248444,
34.40412990191433,
28.36764837767908,
7.257843875921725,
6.181057432898249,
11.629962018591502,
16.100966013017672,
6.2801387189061595,
6.330895021453403,
9.032458726398334,
9.239897619383576,
9.345143887625484,
10.68911561908373,
9.202032888179051,
11.01351788054678,
17.54283010512231,
21.292173223848916,
19.34603907945385,
12.030737723473413,
8.671042906430275,
11.11199410804588,
12.008306222127256,
7.9499487130286095,
7.087284704454921,
15.2326120075893,
14.062566396100822,
7.0337246849232455,
2.3577044205559976,
6.752168272012034,
11.342759327901117,
7.5006237132157825,
2.0463245941558896,
11.461053624264014,
12.132607180716843,
1.148626305172071,
14.800507279552962,
18.274754370209937,
14.771050227518801,
14.926742566490258,
7.604561305467193,
10.071874871952131,
9.857407522668657,
17.389240577250998,
23.51016655232673,
15.186539726241813,
6.12043598549799,
7.524652568227632,
11.963442011741309,
5.848625870279978,
4.790196230436468,
1.9202300902255245,
2.946277358571737,
12.79563699639996,
20.162000898316712,
11.129705286737146,
15.217288581867429,
14.568629481599697,
11.381164225584152,
7.915023098593887,
20.00279817509814,
26.959393857006514,
12.015118426955947,
22.009435037952215,
24.286954444261134,
8.778764811027656,
10.550006034373236,
19.81081720081905,
13.35318768383038,
3.1153622211624707,
5.579636508282766,
7.872698955475379,
8.87222801781542,
12.31375380582106,
20.744080250545498,
20.89297117728589,
8.345514479330367,
11.020132841364573,
11.354983410358772,
5.855725638294898,
7.7458318331926055,
4.246460271619064,
6.048217824148454,
14.204183466295026,
12.062660451994786,
4.93570642939559,
13.710663937824517,
9.958956403132163,
0.5820111604476441,
1.3074346548938716,
5.370455971620264,
8.785541855723451,
4.809505037499285,
5.781107446318258,
12.619801358897407,
9.403224819061123,
6.7869752403846855,
19.385610179538414,
18.76660236952858,
20.00502845394034,
24.182660080648365,
17.989825902393573,
16.963901951974282,
15.239919343649197,
4.641423721965981,
10.248756758072755,
8.99708252264669,
13.561725893135018,
14.516303132024333,
8.632785493263471,
10.391729372992867,
7.312297628937279,
7.5100749514102505,
16.64863964539511,
17.382501779124826,
12.215397276008913,
10.280286922038941,
13.610439354966033,
13.12152114251799,
4.038253781206481,
8.393765029150456,
9.01271711681673,
4.482201220752093,
13.583708364690423,
16.660843875277095,
14.673272841213498,
11.463766528347215,
8.338707239176511,
8.641546438614428,
9.532163137918042,
6.764136483508916,
7.039571635888083,
9.542452705761212,
8.00243913324529,
7.727747979570204,
17.28459260909827,
15.105980574277691,
9.209410549570652,
12.845855881181176,
9.5821732527506,
11.363249321643336,
8.493046989304842,
4.168045322521147,
16.507583131934144,
18.989919169193215,
8.922189552812208,
5.918207545429772,
10.793922247603563,
9.678807212535672,
7.118786084305523,
1.3563096497236367,
3.7078851447779404,
5.7431937891894975,
16.409498802547198,
20.81167676670577,
8.473606917478751,
8.593567895765036,
10.647840609763477,
3.621777469225553,
8.428211195289837,
10.321102239687177,
14.736698897864128,
8.74004141765623,
8.587955675928592,
4.714755573389153,
6.645186449913936,
7.669746891623856,
0.3290823816991374,
7.4191669640753055,
8.757710970717824,
5.773324961157597,
6.185773624459963,
15.407969851483905,
20.2608031773534,
16.181981272682044,
11.779474767382313,
10.616691886669237,
13.61471770315414,
14.103005791665284,
17.261864240826174,
16.990164002616517,
19.436217743377092,
10.877703826505478,
9.992413797874434,
19.122857615013487,
9.468668510040308,
11.037655498877825,
11.802123606254444,
5.710488834725158,
9.882525050096126,
13.757944855335726,
23.58002507818567,
21.908631393180535,
10.656402010659685,
13.099434543651558,
7.272716017750995,
0.6648016761525213,
6.53151244397234,
16.30664511109651,
16.603314520238932,
11.441116813038834,
11.135146192968815,
13.71048607218146,
11.97764547368143,
10.075665602469554,
13.179840881841038,
16.807244559455572,
15.501996165452173,
9.914235499512191,
9.86156083061228,
19.00436476314678,
17.416149100112637,
4.982222742373717,
10.99959851695844,
14.302922309664982,
13.126322934676661,
11.817434152114059,
5.666009863643015,
3.9266925604203675,
10.640580106680991,
13.51980474421983,
9.436238371160675,
4.376045709655285,
11.342299344341065,
15.341873337970778,
16.094793218178847,
13.735009099663747,
14.715238626527272,
23.689136290202658,
24.461405790321184,
19.928746015402847,
21.873546117641748,
21.47123994031334,
14.783267145807017,
5.56756014077739,
8.318305491481329,
14.435878122030926,
12.984123221296928,
9.114867963069804,
16.41435303632629,
17.917665396393673,
8.90522003810087,
10.09679763876859,
11.574823767361694,
8.865627696386857,
19.31359181376852,
16.807375002459622,
8.662993481139955,
12.223825891686975,
23.68425941220374,
23.95435519692098,
16.43546771098633,
17.485879665176256,
11.231296243290814,
4.578797581995809,
5.749044403629023,
9.970289926271706,
7.696013291060881,
4.176569466279349,
11.658143911513719,
16.68113000787011,
10.644594434760668,
7.8853587546487365,
7.930522467739233,
21.554037805158515,
24.47660836739472,
13.916828420503485,
11.547450445503655,
6.05944796696326,
3.0353971030435662,
2.7012291359232754,
8.197775534385014,
17.315217207954262,
15.669354421523604,
7.467215585844064,
3.8827599904799137,
2.160301275247036,
10.116789267022549,
19.25036568912483,
17.823477736548668,
11.989602469021186,
13.462520560883272,
14.17188907041578,
9.73095174924203,
7.406850715838528,
24.16509934783376,
26.35892206291809,
17.401690040938455,
6.102116733283962,
7.708486615506185,
6.990707638665393,
4.366575364125715,
8.287574466086296,
14.628819185065684,
20.722284892896567,
17.431280827350463,
5.294165740944729,
11.366910362172463,
13.31727227778491,
14.141666757546268,
14.710847729139143,
10.995280370475587,
11.965045144790981,
18.633522410611782,
18.29469439255491,
15.261857217920046,
15.912624041176564,
13.370234116380885,
13.827472963133236,
7.642552939183546,
7.629922765562876,
6.464149390875106,
21.340206617516632,
16.752282918934288,
9.975403855055836,
7.048271194685788,
4.2701359819318405,
1.4078083499021263,
12.671690981650586,
12.091975132581858,
5.866222002004257,
13.243366618725608,
9.17573046434633,
6.624340997823254,
8.428158753935795,
15.019575330817034,
5.189942269915583,
7.217368484313687,
2.722303573687431,
11.504835744223955,
12.942543042242495,
16.56715053670067,
16.595850125720453,
4.769479238123053,
6.288317503888768,
7.101979036318394,
2.3000943452474836,
4.708140304461854,
5.7616630138258715,
6.075602107141033,
11.62710928003775,
17.667311451851713,
16.08737481538538,
9.826778012842121,
4.216996491455293,
8.71483768911252,
18.34888876085311,
15.44289513206527,
8.799299771320838,
9.953773480497484,
5.472397428785692,
10.033211823242507,
16.550182789383474,
24.536360816421773,
17.92642623817489,
11.802651095626107,
18.97993320966091,
11.176597877876851,
2.554132240052009,
9.799963436424376,
10.890937178996216,
9.607589504567096,
8.451296539220042,
12.434034602043567,
18.852854647050567,
21.442057593655313,
17.404360121132648,
9.11703926232261,
10.24736048517722,
17.925641601191437,
18.058765761357563,
9.696584348215813,
8.14192757253499,
16.028452284853383,
18.255629227713015,
17.653292156991682,
12.808762553387044,
7.646512108861194,
16.176283065640693,
18.980280604277485,
11.183756264814615,
8.45789105911341,
14.438481753982673,
7.1435209741209045,
10.117690813351338,
20.10335822608172,
18.111487624017002,
17.27435444682429,
16.71048465504071,
12.385881388968558,
9.382114092908768,
12.170498225116278,
20.607586731758868,
25.17591733394853,
17.38475098553681,
3.445377398304472,
8.533099071750422,
15.763426390056361,
16.7185894832903,
8.435975620146724,
15.876801837692284,
28.759665158701093,
27.32654206600736,
21.35177053415897,
17.713201424418088,
5.3146504007044895,
10.6515012284035,
9.423926237974124,
3.139753982276942,
4.571508920102802,
10.892152580051627,
24.150910612931114,
18.232362404061128,
12.393196777599666,
11.230611544704525,
15.58656051095782,
27.434827455752448,
25.62490057473662,
16.415869503226446,
9.575670443595884,
8.764966050717028,
7.9565461952346945,
3.508200077211006,
17.05179568522165,
20.498290986894357,
20.51889024754267,
25.43833613075929,
24.460913958998525,
12.746078227162728,
13.85810208391499,
25.458580102785803,
29.99740069841993,
33.22870589328702,
23.44537621249702,
10.450698498124298,
6.417678343779588,
18.32734302525049,
11.234351272220184,
6.914661591182746,
12.342254736304616,
5.7393169431684035,
2.8493989375358195,
12.296818312299264,
20.660211683314923,
18.621114140844316,
12.113546085721914,
6.270339878216738,
5.98723715787882,
11.343122482626647,
4.483571512629498,
19.625361014083495,
11.286286535587701,
15.136736373052958,
20.614273331994163,
10.568849835695207,
20.00452491434854,
22.70349170699658,
22.691476621885283,
18.645023510366894,
16.402366894159222,
14.97278765602584,
15.900324352507763,
15.050671779007821,
15.851752772979466,
4.546248178244818,
20.15801105637322,
8.212249322941766,
16.61332907752779,
19.014882254889013,
12.764241129866834,
17.256834339901044,
4.2363109627293785,
8.566752347639706,
11.620695260152646,
20.293670925176727,
11.8152347079797,
14.579911155681339,
20.835941441142328,
14.129083656617937,
6.208609838099712,
6.9892101681953696,
12.003389736261003,
15.305651497504163,
11.293376850186487,
6.728751129040433,
9.01228800308632,
12.767218550142298,
9.12812218076477,
13.342817061708399,
8.969353297571894,
20.882049629915365,
38.05883352097845,
31.430142173103253,
9.55788801913986,
9.057018426108815,
7.547013646702101,
4.170918820614994,
7.416565156685837,
19.09535375813708,
15.813942530492811,
10.435047705237269,
18.516486188227617,
5.947011726942392,
20.362337676247524,
12.841038211733386,
17.06252757138106,
26.93742310190887,
9.0449362762224,
22.384126734194236,
21.029109763184373,
6.037194247334677,
17.990602971244453,
16.27950463519907,
5.37965224978156,
13.585586865543464,
19.815859686888146,
16.714204899559235,
6.999760581118552,
4.24288065818117,
2.963227900814877,
9.306973574324102,
8.949103784885468,
3.9956370504135124,
4.819416126859157,
4.762657284796222,
10.16405846844016,
21.722600189345652,
17.669074206038907,
8.00125198949848,
15.75757171199852,
27.641274228259018,
22.629547444704677,
5.538618755036217,
3.2551265429926484,
16.47026159697479,
30.011404390299948,
20.459736585065542,
17.361648992291666,
8.665776191304388,
13.011324464080298,
19.057338600445096,
7.339641977293216,
14.259438885953317,
18.76766321301862,
16.97651206907257,
13.85589444883391,
12.19605065781714,
13.160108086497608,
11.737387726313122,
12.482573302016874,
16.913626461079208,
10.295641252136397,
10.701387812093612,
14.826231919214276,
25.236485707812317,
35.79576502076433,
27.963218915060423,
14.975472824814581,
7.053212490303384,
9.253410781156916,
23.361437532718547,
22.265987476255447,
9.632390503473154,
26.876335328009656,
10.3399670243669,
22.445091904928375,
29.926969420908694,
15.415660371624428,
12.029716416927213,
9.209597731545122,
33.01098674445087,
38.237992361389686,
19.55387174347513,
29.91501536795331,
34.52980578984227,
8.478776701563858,
14.990285503317002,
10.62238588929194,
7.321005665270505,
13.690653669259182,
7.967855796969939,
8.188040815447009,
11.10586435429141,
10.63472003311348,
0.8459857151082354,
12.878296749621969,
9.299852566930015,
13.310947204760863,
27.672881673264637,
19.837908786324164,
25.82903323018793,
33.387183704347045,
28.071753496278422,
39.59551840137728,
39.85740660783062,
21.645160796667636,
4.98931974156886,
18.511010063758686,
35.283929026944826,
25.67014857893854,
6.462999256322007,
7.580673101034839,
7.702512999505802,
14.197743266328766,
13.544621940461449,
12.939285446915568,
13.918974022366713,
10.544963054703704,
3.107477801710239,
11.59382165209437,
18.09488455354913,
20.615114233792486,
22.054544604798497,
7.278676423559428,
19.844290041868504,
29.800347388749476,
21.54493401540965,
13.104079914952779,
21.760771896912516,
31.71297444491836,
26.88503970195337,
16.228200996506924,
14.482843979440949,
17.48684516966851,
22.06123072401795,
18.742303320531626,
2.3970637435876623,
13.675200131319793,
14.777829480705826,
11.277320782144832,
6.417060676709804,
6.455575885154951,
9.238970907808087,
10.618753607131005,
15.890465150569728,
7.437909457417571,
11.380459109066768,
20.133287357537938,
23.566838270923554,
19.23073626008217,
16.966701053157315,
11.507534652867326,
1.7510880679615672,
13.07732742101055,
19.27000608798275,
18.248586295703802,
15.110659609035492,
10.823851722334371,
10.883388680095289,
18.390538743986003,
19.325662259645842,
16.48246483993638,
14.714992455638424,
14.95977927626488,
16.278912593293875,
20.81132321371663,
27.13338424450697,
21.547513799954228,
3.950583734877123,
17.94210532255441,
25.381562609912944,
26.67096255360236,
27.61121849984613,
23.672633606640076,
13.161615682836395,
7.207218148337826,
0.7665906338664096,
15.213905657751905,
22.247640777929426,
12.953374898779767,
2.497167320630729,
10.415749454282267,
7.989453198471126,
6.0100835404400375,
9.117731185717467,
14.476764963312696,
16.724080705873735,
14.718553441764396,
18.44163321137049,
12.572847844563963,
2.8823505510769984,
6.437206971955177,
4.329212185152052,
1.9542272534142833,
11.585537611991782,
18.65082433149618,
12.160277720345501,
1.6027657059315568,
2.7568997040707903,
13.699682384148055,
25.12951486148154,
21.136689044572105,
9.401005761541938,
1.8722816244132174,
4.493035907551552,
6.0799540283472036,
6.2231685534402645,
6.045139684363437,
13.425968876064593,
19.576610385041008,
20.274407225008716,
19.09113645867848,
9.718797817453128,
8.861430071498676,
14.585398175010143,
7.628420303670978,
7.311202613872482,
12.906565105164077,
10.506150095614629,
10.40256729892964,
16.248668030185385,
14.762047707576466,
11.316700291552046,
14.781158812034041,
9.720504855163686,
17.043636340364124,
16.10958609936638,
1.9868105089518862,
15.433311052552627,
13.032403702650784,
13.4810920722458,
8.525392269613668,
6.896306221676316,
16.84636803616432,
11.76658771062827,
7.7308605216534545,
12.600572918558607,
1.8425995678473874,
18.121925059339308,
20.17994407453535,
10.218850990409923,
3.6454795191027984,
2.6537249651519788,
11.518723754283863,
19.52672383481981,
17.81195430645862,
9.546047658358635,
14.630885170917807,
19.926214046811154,
15.324864285284278,
12.561860664358672,
7.558228240978547,
1.9662203378118734,
1.4743660859489032,
9.923188787230877,
13.481084675285107,
15.034377334332033,
12.871611392793593,
14.439884826951408,
22.204956501298692,
17.182861152632746,
5.189139545035515,
6.47100299230769,
7.981462134292974,
8.877122350933238,
14.037017721686654,
15.175991028787742,
14.404439052670519,
8.710017430313693,
3.1568889477429094,
15.665430006429325,
17.815186222868487,
7.12472497948717,
5.307825306903976,
8.587472213736053,
3.9373028665307674,
18.726958068799217,
23.992088171068648,
24.105007986501654,
21.4066510114486,
8.74059145265678,
8.932610693287147,
12.611496217182564,
20.411790900833548,
12.507806049513901,
20.655736686749815,
23.48482825419497,
14.643056620215217,
5.30510956691487,
4.335026186673527,
4.277393866798296,
16.95250131141365,
19.569832056313313,
6.820994797140176,
3.836203712341463,
7.193879288596949,
15.260840212201387,
15.240875381172145,
9.031304030199875,
4.518610147267386,
2.7229962940509935,
7.471155362549505,
12.122567337440854,
8.41074441725879,
3.7660052643942636,
10.14772992613406,
17.867029086308495,
10.66967122412016,
10.691294491307115,
15.624203013548891,
15.134558284312101,
14.043746954618433,
4.646178416150164,
18.94185161404615,
9.584872483330365,
5.652612012827785,
3.7948432311539215,
16.726024835245614,
9.757798802011507,
11.012290656121037,
13.843125355626247,
8.01751405575529,
14.883121038811101,
3.0691164449060473,
16.674294454535936,
22.10788151249334,
14.093688779150567,
11.084335707579667,
20.716169987661445,
10.11503449615703,
3.8740470675448497,
12.570180861213183,
25.69627131071597,
18.801825540770018,
4.170092102685333,
6.971647197530623,
7.7680386649258235,
9.716079266458035,
5.182877769054844,
13.062771260969972,
15.1157468187207,
16.74040769303415,
12.624471793138602,
4.8793805649852615,
4.119597774015603,
13.01526193441686,
11.372942010688185,
5.925515185734574,
12.269574479936875,
3.441540686127514,
10.953346685676248,
11.344711476094824,
2.927061091227782,
4.09453565642267,
15.591254564635259,
16.478092304999617,
0.9248652553500606,
12.959692843960674,
12.142708894415772,
12.26145309336357,
11.567933664572411,
1.9287214830018846,
13.332994971747851,
19.166013695630475,
13.79297704943214,
5.284876927819214,
4.908955094859386,
4.718861262886645,
10.135584809557681,
14.56308991347566,
15.638162658883136,
11.778162388565507,
5.562648669806446,
13.422838284022706,
15.133411468119666,
8.537546025807183,
7.87492103001866,
1.9283474370438332,
11.43760711147268,
9.308497751419635,
15.045802495796808,
27.44123699697906,
23.274446981590625,
12.351025885037203,
12.704732982805908,
19.790321825575248,
23.98102257246583,
18.28994722296242,
5.0208612430020665,
7.271719164650019,
7.1629623285190975,
7.997556625061016,
13.391576046922333,
7.696650507659728,
11.630693724736497,
14.07138743699962,
9.302130429655637,
10.27453318711168,
2.1191154082062593,
11.021654983128972,
7.870928102464493,
6.859983129978381,
12.232649540309934,
7.69799958921035,
10.916393130480747,
17.996368718379863,
18.989831204725512,
10.463654277798414,
5.636376940907989,
13.63953304237689,
5.426768434071503,
5.628103072938161,
4.897289231383806,
20.777526086487782,
26.477837012958314,
11.714372806861181,
5.711836869286491,
7.434113199819896,
10.047494643445855,
13.16670107347055,
2.7613475288479643,
7.79604631715322,
4.832634311041875,
5.45492159191621,
7.784188353565789,
6.435920157689657,
12.19792926781078,
13.302154303512465,
17.129103521275432,
20.64815462256012,
14.304501497899341,
6.618051181761035,
15.787056189438209,
21.616776429147087,
18.470563667834487,
9.327804137143179,
2.2371876482558877,
10.225614397254395,
13.055417265367678,
7.5866893994133235,
11.398300558821076,
9.887598688481742,
2.756122611006939,
3.016526608689719,
4.8190998402240535,
5.8066916949130025,
11.879276371399978,
6.212383414069182,
10.216827807125545,
17.79116979387123,
10.115917409133099,
1.370946053443753,
4.35567449092588,
2.7653749614923493,
6.601952674449711,
5.155900843173475,
3.3785842313154566,
8.300627696369467,
3.591885334971779,
13.901248222576948,
11.944852641937915,
6.158603102909985,
15.658387297247755,
10.755137943166789,
15.990684521185194,
28.45459032210272,
30.95113484732325,
21.721887193114096,
14.249284160937806,
13.927486078491569,
14.958033619347502,
9.582946642415404,
3.6838422724644255,
8.688841364780517,
12.89084553893107,
13.485689689999138,
8.793016457769435,
5.286920355528052,
11.262433349116014,
13.38880876343219,
10.102836249368009,
4.792082484956318,
5.253466387680855,
10.072018339590636,
8.280479939506654,
11.140908813570126,
11.427858281746618,
8.540602249179614,
7.401793958599823,
11.924087129532271,
7.130189111215262,
3.7058789051703442,
6.815039232995986,
14.92204973660924,
14.39964947991495,
7.364623935914379,
8.94959284801943,
8.346361844474934,
6.144626774357253,
9.012537269329032,
9.44337873281772,
6.067499165414677,
12.254563359674098,
9.46073888765557,
3.820222288099244,
12.68096145070249,
7.9728755494035575,
2.5109982771290826,
8.437772633599186,
20.575914736187205,
21.906443068490653,
7.118388165405065,
8.681059158040691,
13.07370844486348,
12.009192277282626,
13.564289614659632,
15.433106362861972,
14.067796273187973,
6.453427290143393,
8.916762130459341,
14.110352155287504,
9.84142642240179,
5.663182752387154,
2.802227469117327,
10.10458498112393,
11.057893239621723,
8.147379661621457,
9.504876550805198,
5.206071648886675,
1.1852705027921244,
5.158125077826026,
9.279957717687012,
8.870808524300175,
4.052897797733079,
6.112136915458759,
13.827746911582507,
13.539283356048575,
13.685103471663894,
11.863335351036376,
6.56454148500308,
3.9596288678587492,
7.6969570711654205,
11.488206222690494,
12.431027825965993,
7.328417043493056,
1.0683766965383499,
3.1602094935473106,
4.185146713218688,
9.083089558031597,
5.728754032623107,
14.4540123673009,
18.06780540356212,
7.686645464038552,
12.907122865217586,
11.040889476789092,
21.78350813035935,
25.9445759527104,
15.935709589068507,
6.288787693273037,
9.072948034059772,
15.25201833717702,
12.415099175917295,
11.523233851386891,
11.859140747068254,
12.019026280884699,
3.6204590118560334,
15.542351995920557,
19.491937799405815,
13.762753352182427,
8.827666974414514,
7.67782167237385,
6.771537866296456,
11.438039974703331,
7.710554056138249,
7.019495276388749,
11.48577605078723,
8.740582469207435,
0.8114492759287811,
6.985615984544738,
8.145751774328486,
4.823818116145886,
7.047030059472465,
7.68008977293545,
9.36039157853458,
14.231533125292339,
15.686384303010803,
13.850293520535718,
12.809241757501477,
11.425437433423363,
7.46687723919061,
3.3642814677476354,
3.392673123244334,
9.422570285658166,
8.634510447881675,
12.37473710274973,
20.955944490487067,
15.052746407670087,
3.8845687040158663,
18.616832735919893,
18.823507685623756,
11.374066489384365,
5.634966456801957,
5.532648939422655,
12.038314920879156,
8.616686066435786,
17.658120895908198,
22.32263846140576,
6.7996022265302605,
10.336005972407808,
11.15940504768414,
9.514145251070108,
10.67482777783872,
7.44712900272599,
6.807428314563296,
5.204928724960506,
8.334851035197776,
11.52507871598053,
8.119620407403938,
5.065218035681478,
10.96252122784039,
15.554584825501783,
11.5943141386467,
8.522441520400626,
8.68223096419857,
8.276040214405583,
8.838638899289753,
8.893558783868839,
4.364878174773603,
5.277738916655607,
10.202870274008752,
8.18823254122836,
7.8055798175601545,
6.216481319117177,
1.9726175355766544,
3.579637640581504,
5.965138146151879,
5.890003075677821,
5.139211780363231,
7.332326183686562,
10.574068721195664,
9.948058736018071,
5.936147139965715,
12.497504337016993,
18.849510592085455,
15.115196780219199,
4.666836315074481,
11.492554971607145,
10.375504852929483,
7.119185410327748,
12.73805470688033,
19.519202269727188,
13.761971339283175,
10.70471330557064,
16.015230863868837,
5.348302186577046,
11.951530533877396,
16.199859556210658,
6.059040165069132,
6.656916082303663,
9.531882054781505,
3.3092354247309608,
5.894180705479357,
6.54462485041956,
7.927495310703571,
5.079169708413328,
7.38641720958552,
12.826274775410464,
12.412927117995117,
13.895733667757053,
7.835722323776025,
7.461767638454948,
13.648825892030171,
12.55141534363041,
2.1797954695341324,
12.493899331959808,
7.799164840449379,
14.953866027378329,
13.7834618569014,
4.417472842495417,
