0.0,
0.0,
0.0,
0.0,
0.0,
0.0,
0.0,
0.0,
0.0,
0.0,
157.67012630782432,
237.98290656698876,
140.40164969373106,
211.8253803677603,
136.04498054410735,
223.14750680662672,
191.68136322767887,
222.8145511331202,
182.33704367593043,
191.0339259905633,
171.00080551883036,
199.2824564678775,
182.62404122535676,
222.64455067564478,
179.45080412687372,
261.4638250768279,
260.74678278400626,
234.41661133096375,
258.5219985955167,
308.45323881271804,
302.1177958257627,
331.12923990262215,
274.83519546322026,
316.4285643048391,
301.28218023317504,
364.0774644745436,
295.9265753688615,
220.76106832787946,
217.1080667167559,
274.94990090696564,
255.95952360115595,
242.03712381560058,
222.74371886160205,
195.5157435480876,
202.89644351006865,
221.27762375511708,
201.22670335001726,
187.3179810668427,
177.7702833108773,
245.83938314957203,
230.97909119658075,
189.0150647583711,
185.50095199357182,
186.93512250982016,
171.3282890652585,
165.1668988981057,
154.55162645956875,
158.7277553258369,
197.06230237133985,
178.28961471961486,
160.2399183282627,
206.62685878877173,
199.82665687356376,
150.95428058322042,
182.79446231183204,
246.26208140676493,
246.10201092744714,
221.07523680509058,
208.36232821343924,
233.15689830242826,
264.20251775940926,
270.6038349175472,
213.48863397206267,
167.09064970531725,
194.15020733018756,
222.68180522700766,
174.5215493167503,
160.16369038475818,
170.2016575707337,
200.1780302075127,
204.45759526311974,
180.6176103823097,
171.1548602444015,
120.9735130523648,
189.74755534661367,
222.9468786270952,
187.94529071945007,
140.90129118729487,
171.87435286010574,
196.38147343752968,
145.12218103532172,
127.31878473648324,
193.5886026845551,
210.7907134419459,
180.14269041789586,
144.52792848487064,
176.22093747014324,
159.72905379886362,
165.51130583021452,
170.57956635209732,
137.03170168488418,
184.57650950159183,
225.29630458713874,
200.06492146418145,
183.6191846030846,
162.4504887007179,
213.0113492762582,
199.3562755926259,
144.32390984311735,
158.4083014481984,
151.82214870770306,
139.05575601025032,
165.33961406383662,
183.3708778289954,
161.239735044223,
164.0076379628555,
194.25653837131242,
164.21419299137975,
145.55508493938976,
172.45665929821408,
162.31238188489166,
157.2194685284279,
158.19608356194797,
173.7579340954032,
149.0953682488119,
157.2257417700613,
178.20291659685665,
169.60628469549926,
146.88467437927892,
151.47769160718198,
150.18557130045917,
152.54655859745657,
157.54466443753253,
144.88029018434648,
120.70587058442442,
135.76765687483788,
158.3720134955819,
161.77075154951345,
157.12047170257907,
174.5153425561273,
200.14741046363446,
177.48518135053507,
153.9739896106712,
174.91796571398186,
176.52977061852368,
139.67022340966543,
176.65864094451547,
178.48371522977175,
171.35626666422053,
159.2677044286473,
153.9548301502069,
161.49888032681875,
158.7617705424576,
167.04995370111124,
141.95733185734778,
135.0080441751624,
153.38562869619108,
131.31658459438503,
149.76388423990568,
190.28948995524124,
199.8813549108476,
191.81557437963687,
170.74891275076115,
172.6562161263344,
158.219215204175,
187.90409948566946,
183.80530652963006,
177.24092594646737,
229.40488065347768,
235.7217219847785,
216.2807992278766,
187.53747151855947,
161.903565382553,
155.60597699938512,
164.61810972575768,
181.5104684317717,
214.51855696909504,
268.7748648990739,
232.53529080908797,
173.88186324151792,
233.29529301929747,
200.91040314805252,
186.36532750045208,
222.8623014243467,
214.32396834152556,
187.81303593714793,
191.17263477665995,
224.03890737704862,
225.60371664582172,
195.41647240464525,
179.22724856970385,
138.94507007921277,
170.98079502502347,
184.61475792000357,
150.7057258460029,
153.521558397561,
248.3037855350644,
194.0293239147087,
172.90151617223268,
181.58820774575102,
151.5367897151328,
168.25545228193005,
145.29161126174307,
149.7759410497349,
144.00549341305944,
126.64022394171639,
171.1684177108897,
210.75606846609043,
221.21541943698398,
173.91358572068407,
156.40910095827428,
162.68932842919054,
141.18167127822502,
151.0426736481866,
174.3857304443174,
172.5927395756603,
154.6241776445045,
151.02608947122872,
157.87597700918113,
173.00765812195058,
183.7306199517589,
173.60879624099275,
171.24811696177193,
157.97999428391734,
138.44802738406764,
152.33031689237362,
138.92018587806967,
147.49752220944865,
185.9994397102259,
163.88150721775568,
134.41892863078525,
190.86718885189194,
194.28914304280335,
149.2758703755762,
155.2719337600417,
145.62686009931568,
152.83143512512248,
164.75556757109925,
163.672716012585,
129.33260229495832,
155.50266770678132,
136.26866277004643,
153.34135899087124,
194.9451193759957,
190.62967597288636,
189.9716613001931,
180.76943322296836,
148.96703222707373,
138.59603089886187,
187.19137976998283,
143.8244997569341,
124.00856581329523,
150.64317604236598,
158.15156531066242,
161.54988416638008,
170.4678908314821,
172.58132475126973,
145.33326377304348,
142.00961310543485,
119.71976632648597,
124.42009904449924,
136.37694901221775,
141.51352665473655,
124.39552553905942,
143.89142673517856,
155.51502551803895,
123.30716789030267,
105.7876147593997,
131.59446692394266,
139.94230724542982,
156.55627879181947,
134.343812826098,
173.54545812777465,
139.10311636199557,
137.8177583307521,
128.42300818310375,
124.00611410398537,
125.5840316923563,
134.9125052685792,
129.22719341673184,
100.47796187894893,
148.78196710297985,
169.30323666683452,
119.58224984722291,
130.50646827196908,
149.94395580586038,
133.61848876408996,
126.89439657567256,
105.21008505127766,
133.62903950913042,
129.9901467380205,
139.94820577426694,
151.18768323558382,
108.09610355987294,
96.7291291774656,
132.53552323060947,
175.6446457482034,
161.80112661854793,
200.31127229033575,
211.11126618859637,
192.96777918103965,
181.39914135609826,
165.47703993443994,
156.68487743344758,
179.9195651154346,
163.9680882263086,
166.30004925303658,
199.0198101411891,
180.08437494135205,
179.03060127399885,
130.55632318969288,
142.92297578486205,
167.83924450012782,
146.2952406511696,
135.80111053844567,
154.7327272077422,
113.5177726221998,
152.29366232194414,
180.15439259679627,
152.73064938835597,
150.5320767069422,
139.54994410273056,
139.9151850360118,
133.80439903941792,
115.82104638463534,
114.7123879837782,
183.88444921017916,
202.33248242243423,
159.9306081676864,
139.72841274311668,
133.11281221139532,
166.99613390406088,
226.51687802989332,
149.4095886296441,
175.0613151581592,
207.88670867881993,
152.51566833869933,
171.55737802436144,
158.6712684602399,
182.1943275340929,
148.46465453256448,
160.0572758749751,
161.4248247021314,
144.84681027218366,
190.50198863256944,
164.73243505601366,
144.96796343559728,
145.42969968618138,
168.71085543512783,
214.59797186018864,
231.78238113170013,
166.6045074934591,
150.5188583715153,
172.05086829272807,
153.96740422099882,
158.9657678980028,
153.30048793656238,
157.42241787176235,
154.21643735824546,
167.4596252490607,
165.0208674646583,
173.30903422309837,
162.13898789981445,
192.99546977434943,
178.94442517584102,
195.94045360654567,
200.7956126913407,
197.6162755729307,
153.97634718444024,
168.02922183009727,
172.70276294192124,
180.92142831653592,
188.61505726048497,
213.66811715137896,
195.223607839884,
165.43832611249522,
182.33303758855152,
206.70382472487842,
173.96132309868204,
155.55885060627108,
236.14629963694097,
196.23453167270165,
146.7011265113519,
159.7184460917342,
163.18903002688398,
174.8179793635619,
155.8274307795404,
155.27828975034984,
205.29811293432417,
175.65781541881714,
152.7648295710415,
206.07496446627954,
187.16937691386192,
176.64994845936846,
176.95430590810705,
179.81742529937682,
150.3002687794145,
178.74612762153745,
130.9768897912625,
182.82105432389062,
189.1382554534825,
159.68533799004157,
172.72780279185778,
178.12714232970762,
206.41579853746185,
196.5938301492588,
201.28355430765757,
201.41269881934096,
203.3764955001271,
180.83618033650265,
181.1804937628953,
188.42763632984855,
206.3670126555017,
170.30346277783934,
213.84444707780168,
258.1525021054764,
241.00009144601879,
258.9889596934667,
199.98200860655174,
192.32183336096608,
219.58245062230446,
172.6836365934418,
178.87765449672457,
179.63910650833088,
191.707939364086,
209.536391017181,
179.77779060046277,
155.8275113037455,
184.4805991777149,
191.25049731178837,
191.74754609601885,
174.73792974132022,
162.86551479850056,
174.84345466900135,
169.18298742359497,
139.68114835781464,
165.5515105156482,
211.66484344820037,
222.07179364005333,
218.57987502132752,
144.45471328662757,
213.3479942231355,
235.1703649748171,
178.09616501797484,
188.93816540372273,
198.09915305474118,
196.74687530435455,
170.5200186472199,
175.0006872581567,
178.77322802323013,
188.2083401517625,
173.0164184434349,
184.97284809430585,
214.46723493668836,
189.1638327630797,
187.59718779116903,
191.4245535029707,
171.39699339183585,
184.1644601584294,
218.75890688877644,
212.08236862495983,
200.17456734474712,
173.71085531106655,
181.72687513927477,
183.84451770303943,
169.44962040318393,
151.75521800885977,
159.44168569053696,
183.52760130397743,
161.40979180237468,
162.4714267359015,
160.07972573722893,
141.7191455673904,
126.9649903486538,
154.23279735939923,
171.09232881709664,
173.72506970801365,
174.21443366235968,
146.74417040006804,
148.62948094054383,
170.22871174971678,
176.27335948527855,
168.93698188142525,
162.78371521229673,
155.47803868871338,
148.9088653970847,
118.21603364006495,
151.77409213623932,
150.5450451943636,
129.6763449824067,
135.26057635392846,
135.58581817556703,
158.91500719237717,
154.48151315531703,
126.55213831480789,
120.15027912299307,
131.13277699282148,
129.69658360243574,
161.2377269725304,
137.4029434091126,
119.19661818556996,
152.959072756737,
156.89392293181095,
173.29027719434671,
181.05918458897804,
155.69864932883368,
151.47882353310646,
136.18195333119849,
120.86137284762688,
165.119681142666,
145.20596718263633,
148.50954528684954,
135.8843965390524,
124.23163427702707,
149.68878740526722,
115.22056003213441,
126.98787719669187,
117.53813566388156,
99.37338152175664,
112.6222656259767,
146.39915260055508,
120.582156344969,
112.82705987906692,
122.44819981468852,
114.00692693355948,
113.05661612328078,
135.79785491790662,
122.24033696471881,
136.82646895189012,
139.05098405694275,
114.37922298910462,
152.73370221370726,
162.20374349876445,
134.72437496589228,
131.65000157285536,
95.04457360506761,
134.16494631588748,
151.6006078601429,
160.91724176159715,
153.07141210253513,
124.73719301469544,
133.64628308864155,
158.2646814968656,
149.4280618316368,
139.4661593024131,
179.2932813079659,
188.45378315776324,
138.63044071402416,
109.87081307744486,
134.57112231163276,
141.24472297411415,
146.00601340694675,
148.21582885244712,
180.27656152885714,
152.191290647076,
134.68159065968007,
141.51212251221907,
166.2732099629469,
146.63927940260788,
134.0245800022426,
138.62045449782383,
155.21789905905905,
138.2965811265164,
155.47642461249964,
160.161595342763,
117.7452869384333,
103.81560827575177,
141.5755443006529,
159.73733450374044,
153.16668771002068,
144.64531746885805,
159.70579986293674,
173.43188123532997,
178.53106977932524,
201.43126734832356,
145.15239010331453,
149.58694811685393,
170.41789467451633,
151.41089569648702,
152.10677166474454,
150.74457707345812,
131.79764147278365,
138.78984017661153,
142.611443513904,
105.40472767795109,
125.58713366072,
113.64065905222914,
141.3587279449607,
122.36344888124975,
130.00428578098195,
154.05011128215443,
122.57008005864898,
99.83607923271751,
120.66007165632281,
123.83170748198131,
107.21772981002378,
111.27991079928967,
134.17226409540348,
117.34824696856779,
127.80702753161702,
137.10412213211396,
109.58433490146852,
117.89017891284267,
106.3123823921532,
113.04970448078835,
99.57046475082568,
116.84011039592522,
112.79099272599193,
83.59755487677072,
104.17286008007169,
95.4487964069111,
85.1777514232433,
112.2207611295449,
92.92363116237146,
84.84244076631241,
101.70689476846343,
95.3388133465559,
78.33669217017325,
93.29121762469222,
85.04930993406632,
111.11729277846226,
124.14532624985134,
117.5870683351275,
106.44610068595142,
118.30899314055058,
128.2753236192893,
115.25505311316336,
80.0474372634457,
117.76682769774288,
119.9712929412436,
100.54950383545048,
130.43001426603956,
122.80718793696519,
125.38372366594838,
134.1000362080768,
111.99461254987656,
117.46947539216214,
107.32179429408961,
108.21887579810553,
112.63051921842212,
90.46801909601922,
110.83439814526545,
97.99247176887573,
110.6106989572324,
117.87525595305505,
104.12328081381796,
102.08540519791381,
148.09766401394089,
135.95213299329265,
129.14401292180946,
159.3360030509545,
132.48364987232367,
118.33833471200226,
124.70056380151466,
153.30636133702933,
135.31260409234173,
118.66604650387816,
128.04730871356557,
116.85466884072024,
133.3406161957423,
147.3884909533648,
120.57307850724256,
97.71878000717938,
94.94564688296529,
111.35867353964895,
121.12684293147312,
141.1796712089958,
144.99699535518982,
133.06837451936065,
131.72318654290217,
112.21744188757766,
126.53782273800873,
119.92017106079561,
132.2177659263571,
140.6294918309726,
142.64488850165762,
130.9429433621515,
123.74865594434047,
80.20439708093961,
105.02164132498875,
89.74031980758653,
122.12745262677515,
134.8532717739972,
127.3651333887032,
128.89524433718896,
111.94351843492915,
142.14384553691863,
138.12102427806627,
134.7556642554408,
145.78134189137856,
143.91370908781317,
123.99081344092565,
113.98135955387964,
117.80598125351305,
126.78735800323582,
148.27266045270406,
105.68417903746605,
127.09832962818781,
147.05546468261446,
124.5579984767393,
152.14775823131114,
134.2414115409275,
130.00891932117045,
117.79654862281538,
104.02936501920318,
122.91739463599147,
99.05619422589962,
117.06929130095725,
119.76123284497751,
125.8799649922641,
150.62606375573353,
140.9581064329328,
161.83631872030915,
137.11160644530952,
116.45122875707014,
96.09139829900533,
110.83002532444947,
128.32279297986267,
122.59550515272117,
128.6233985203406,
118.5066629399228,
108.69313399036676,
137.37699221483433,
126.04275153413029,
120.09279135446417,
130.11041517577394,
142.80564367905592,
144.86528940562783,
136.85673923093384,
127.09184844363594,
148.51289606731095,
110.23406624571483,
114.07204357178631,
139.9782689227181,
126.35562260561595,
127.83815013083245,
133.00431054047232,
123.60580873821822,
119.50748141364684,
132.57297627963584,
136.96317314266165,
161.8941807506263,
149.8372234750689,
131.08692423889295,
114.7519885356733,
130.99406782016882,
122.05815702610697,
158.5549600768233,
138.52399465896417,
146.38069080786508,
157.4133686648053,
103.40567928891045,
126.39651821194977,
152.2888175406701,
148.97281461178395,
142.74340887226734,
155.75292218906534,
174.47796287815325,
156.3969440884513,
146.57025904924828,
162.1020140589244,
158.20922285749828,
134.0363909270983,
136.70941303092107,
162.69693983147414,
136.21683671535288,
149.43762981712297,
166.26075197659898,
155.41688863917477,
138.76229099945843,
149.44388915439293,
179.56334503446513,
188.1004126402885,
156.90469419351487,
175.3019526932746,
129.11996100233412,
125.45769497415742,
160.05423824928374,
149.61269913293313,
130.580225292718,
174.2043821437095,
172.1888420893623,
163.3973966870656,
142.7243740909696,
161.26156666497508,
165.17881567772096,
174.09411306522625,
197.5576764235174,
164.7738537697372,
146.68925489439943,
153.8483663701297,
137.26974540354564,
174.66882548840596,
173.17427972620447,
175.58726013391555,
206.24646161151753,
172.85828246718054,
169.30694479068936,
165.6466764110387,
198.642048769996,
193.59630992836037,
156.15309137742696,
141.06173762491895,
138.6890166661102,
147.0902491809868,
157.5764888400874,
182.0381021100195,
120.70369416508005,
168.8891217396274,
198.42640672237033,
165.68895375080672,
134.6254978712674,
141.31016575769576,
124.74061871126197,
155.26001994248062,
147.95984091442654,
126.03996836459265,
155.38543410386288,
185.98798480991533,
164.7756876576024,
123.54361796706232,
180.25015899760405,
179.47253998334537,
162.8038844384402,
119.76469914286524,
172.96433099345026,
200.65693105875798,
135.43901916106623,
151.31835120989706,
160.19277662438665,
121.18040693368573,
154.3884400257081,
206.942970174617,
193.04582922567462,
174.33598490061294,
136.64633382003117,
155.51684566280824,
186.02953905383248,
163.6584134100824,
175.32127201944792,
228.00876408267047,
207.45427805368692,
174.52070921585087,
171.06464575112003,
125.5964251523755,
151.13620593255598,
176.7174821058501,
142.37932077625047,
153.53361191543374,
128.49564183735362,
162.6639080032904,
182.3392348618563,
154.92251074806148,
175.00371391384135,
175.15511872016708,
169.53463714692785,
157.78725888457163,
168.44327244656387,
192.47474516555695,
204.97922652718066,
249.45378455846077,
241.1792930036649,
171.03980548051354,
136.2414010144926,
162.20685920657502,
187.47414889314842,
189.68400087327646,
161.32307169129163,
138.23534625331453,
172.1737722271605,
177.3858300747938,
169.22284502969657,
167.33124493098725,
171.28940347987057,
117.20122925552761,
143.47976293273115,
153.24851075268828,
119.20114092766651,
172.58000071023625,
158.61961967329063,
144.62215512775268,
161.94374712951213,
190.1398694219147,
178.95238435077218,
182.83444774641384,
207.31901027919878,
150.06880599805825,
168.73164967470217,
163.90288433310175,
155.84132507437081,
171.7400269754275,
175.0993395551776,
177.44093355693968,
183.74318286444063,
166.45530685430185,
171.67018708346998,
167.9995130155034,
141.45800260196103,
126.18973828817774,
143.393495189888,
142.14543728946626,
140.76483684627547,
124.06984232890784,
134.04304885940547,
166.00232106121678,
161.0762896846348,
146.96048835574996,
153.4125521023148,
156.87191817676202,
149.2269799724367,
134.71606293554862,
200.77576902580483,
197.12214223887375,
147.433129708014,
117.4611540252302,
150.407543970873,
184.89604824448898,
142.28618158842818,
115.29287045801121,
125.28303391717313,
165.97110768540264,
208.0832012828036,
169.68181999132239,
154.78582913419757,
185.39601405694617,
187.36946704383735,
146.3553771073466,
153.05787834112056,
174.64661223823364,
134.8820098320865,
125.25887690957309,
145.75492793336093,
145.2914806478878,
147.57722497635444,
151.26206185306245,
160.24584359485672,
159.59729636509107,
115.13221574561013,
144.37637829336276,
126.77702267819083,
139.15060272644797,
146.79053154254436,
118.18444991375438,
126.27153080996638,
106.7753224589211,
119.57955744694682,
169.8441051738414,
162.46908156312224,
146.51621631802138,
148.44833935770416,
139.58625639853184,
145.2245207124852,
128.52664363316637,
170.35418940363843,
130.89700000172698,
120.63588543668672,
134.8505471681589,
123.65331744097469,
120.09679504767038,
133.71516878792212,
136.35682748050007,
147.28262392900444,
147.43234267504155,
142.90680825761905,
111.41282113640369,
116.48947334376352,
155.78735069976634,
145.09589374519533,
158.29829411863886,
123.2005857384892,
124.4809087484162,
127.30963947195933,
108.02812774977092,
119.49478326971243,
113.87333541356217,
130.60765382349572,
104.8909787684549,
113.44757242812723,
158.5271307012607,
144.4536448637981,
165.5915196427742,
107.3259189863238,
140.11766709470496,
164.11001427711582,
102.33150971023235,
161.07100562321747,
175.66404270974405,
140.7090557499908,
162.11690065606325,
164.34672071919687,
139.1500175707898,
141.67421698529805,
131.3326893644656,
127.32608237069445,
137.13852751195316,
160.10906523818377,
170.18131087892937,
147.77659500132447,
158.8646991487881,
135.28832854781524,
149.6742256191998,
127.60693595961696,
114.23278269415955,
144.9128657879159,
117.38480926272,
131.40087406157497,
146.06484395107822,
131.17714544681246,
138.6831363815625,
126.91776632165468,
116.28861400438161,
117.2856276291861,
121.05337284433693,
154.66128591459628,
149.44086933391557,
140.1938889367673,
109.1413460033046,
131.95298773017765,
183.94405925706616,
155.59984508634733,
134.06214015100787,
129.06328075977405,
113.9673319680422,
120.5084241372863,
149.89205082556828,
144.27177142760314,
146.66316796454782,
143.79732379424533,
127.76514410699184,
135.51993792162844,
120.12179045943344,
145.0927584780978,
135.59150790356784,
127.0736663967294,
113.22437915173596,
117.75133144239007,
144.87126152018956,
124.74977002460781,
114.99005278448985,
134.74618219263144,
96.60128303989495,
90.05964594256685,
106.88076429248973,
146.40140261192485,
128.71041220113517,
126.78347258445943,
160.82742162299778,
192.88865956947896,
158.30387830846433,
142.36218895455357,
171.69941874725967,
193.26214000626987,
152.66172906634745,
137.5983067124249,
149.67777435145348,
146.52489610750837,
146.21442469502563,
127.09814723865998,
142.93877046252018,
145.43865875444743,
142.21755055405498,
115.7587601702359,
142.41686716434108,
149.98237158207152,
132.9394059106845,
125.74437067304707,
139.400633966554,
127.44004518170331,
123.07258248109636,
173.9849086605443,
182.41036603217594,
134.57982285924714,
127.46391755806079,
132.4341275878846,
111.52832449126483,
95.1412149938674,
103.95856593636826,
118.2159334169914,
171.5922846516874,
178.16807581663323,
160.4149684835554,
132.2709324748846,
96.55702685039581,
118.60896609119672,
146.36152342629538,
173.351708930758,
160.4059952832793,
144.83592754920264,
150.02519723848374,
129.82840232080406,
124.18254109518408,
128.74751445005367,
118.5645523424137,
104.66887391525269,
173.4675168469735,
156.1587697772973,
133.08913730605417,
118.25820829527437,
123.61626294496352,
109.21149124838831,
155.48995869318887,
152.58837251826102,
141.1993772820716,
135.5378353493314,
121.30006223583383,
122.63086553492795,
141.584839461267,
193.20520315718048,
166.15205998681986,
151.1747077647819,
157.97390641296175,
152.93371352980824,
171.49106398960012,
122.86050714761997,
141.56073339212574,
123.94147348342946,
151.80015964700112,
178.3364717478907,
130.78030355326132,
126.89049642127745,
104.93501164909415,
124.11906385143378,
134.25079952297128,
123.76388604724258,
132.83827333549164,
138.6323130249496,
118.76462802939746,
136.99946093197138,
135.16756169705053,
96.84777857323405,
115.08776497177288,
134.07404865707485,
133.30600059374132,
139.35563371060687,
129.4744185167403,
102.25138161468143,
95.00263562630936,
128.24118892252656,
98.32694489998558,
101.56394253559992,
143.97771791909943,
135.20514045921146,
154.56586021056594,
175.86279718531193,
152.8141646762689,
100.29522030304578,
105.0722954289557,
114.69678664424379,
133.7181136204567,
143.14631792902406,
178.7076621995163,
141.560853977021,
157.132487331905,
147.91587987080067,
121.83152609441713,
154.42426141542606,
164.79921623833513,
150.35287439961527,
149.53951010492582,
154.21635488729066,
126.63967626540003,
117.10848443552689,
117.37004158826416,
118.10700498299792,
141.78093528657988,
151.27651480104313,
157.80817621543008,
150.29236028569267,
138.420481769102,
158.479047248391,
157.79443022212928,
126.51307691155573,
131.12182218547323,
164.41460054077643,
161.24964232076172,
151.11263623257173,
113.55797989084536,
142.2134816903666,
183.048417009086,
148.2090709718745,
144.250458254656,
145.00397821048696,
147.37321059816952,
129.7784723882608,
132.04469221234652,
161.06537349315656,
151.4899216125138,
142.06517748428928,
145.16507360146355,
143.80835856463753,
139.10639056212807,
88.81971556942955,
119.56095758916672,
160.37771888753778,
126.49666160067756,
150.61685535250814,
117.75969568884351,
138.23846582815264,
142.69492091420963,
139.33345414789682,
172.7190220987191,
136.30581719780545,
153.1268700353695,
160.08560415463427,
155.1752063361053,
144.13375664360228,
142.34184510088852,
120.65870415935503,
113.70644354441492,
145.02355049389269,
148.4692120791677,
126.72489499210884,
133.15810128343938,
121.23219927729593,
126.24506222468197,
137.9678991992817,
171.80963949423028,
126.4912801598319,
142.46756494957393,
138.18331576104418,
96.59383698897128,
142.75212347129977,
116.19111843448445,
123.49474335956538,
148.34978499522802,
139.71497137554792,
113.31821448067736,
125.60463859216897,
123.08573439855797,
135.78996009924424,
149.86913027040796,
132.26647805856035,
132.78142996015427,
128.09764244874447,
141.99783178463514,
145.96943799688958,
102.79199779006736,
128.08831935379783,
161.99070258559598,
157.3803962567681,
161.71814941538128,
153.22115354233657,
121.5550631754535,
93.63403602087055,
121.72515147640094,
145.8768305698348,
149.32477888232944,
158.64222154721415,
151.0411531786641,
178.32535536348664,
198.72113769660993,
131.29025801279104,
113.34164740794257,
119.75604543909975,
129.15146205440615,
133.5337628957709,
126.36886818528494,
160.05150564486038,
134.25495520300603,
159.98662152986734,
181.04884762221926,
139.98489624487422,
96.09671330758586,
125.27883522101618,
124.93839839381793,
161.78435957597452,
143.7629770632574,
154.0542386136337,
134.27742402547727,
142.02023923469224,
155.884597453268,
102.59766878779291,
156.7716720682388,
135.52578194046848,
166.98951724056843,
171.17453722379358,
128.4648284315178,
123.45957614782911,
121.03881293254197,
138.40706331082097,
142.44700347183368,
164.0817498145321,
135.22823013793635,
132.02983076796764,
155.60802150378484,
163.66152712468397,
154.52774099870436,
144.94684674144997,
172.32482221573815,
153.30465142283262,
130.19023257955243,
106.70986017242274,
145.34267325680236,
124.39794922256424,
108.35353342108394,
116.54444950470223,
131.70429117673032,
153.72119356521893,
135.7879914784564,
109.51006487039638,
140.27769406973064,
145.09564450195748,
135.8029732110431,
149.14746213544458,
155.9053136205336,
144.20184944056405,
155.27015909777896,
161.85137960429756,
131.8620053484357,
110.29903918646023,
125.59029312293518,
130.9699874127315,
166.03268591803786,
163.33305489988265,
152.76389756757763,
174.58176904309508,
161.32828155323506,
131.17617526359314,
150.11866485479797,
145.88284564155185,
153.3877145562935,
154.0506906149434,
156.0816225477306,
122.88789416521625,
139.86462323424325,
170.2796423837805,
182.47675115202128,
174.58735901171536,
142.72700624662843,
158.3747992448019,
145.07189162840098,
116.36817589035049,
147.0296399747708,
160.67318582454828,
158.2420456706349,
141.23252700896256,
172.58365801797595,
150.1526779938301,
154.09432618915602,
157.3194841496509,
121.38337287511261,
106.9967324895516,
113.56283068499273,
146.62527409292832,
158.09707476978804,
129.04613367988028,
112.02337276512156,
156.10417169072983,
183.85457216322777,
177.70150124753056,
163.35888685547238,
182.55200256587335,
162.805048735715,
126.86964544896037,
131.84943860711894,
164.82789018038068,
138.67581827262586,
134.00986416223174,
147.7555960439382,
154.8763969219793,
196.48958024618656,
190.93800866589797,
183.29584044475234,
165.50489268690635,
156.33989290706876,
136.19246589736764,
140.61402126744983,
179.8808241766577,
178.36200674609756,
152.82149005925035,
132.20178424663035,
126.61057932251157,
153.14504182326309,
166.4514224155521,
146.33535566112488,
126.00807581251442,
148.01203550109625,
167.92272664439798,
206.19949371748524,
172.96699590864336,
144.0200290151598,
187.62249814158807,
137.35265077680063,
177.59354747415182,
202.11366984715949,
151.53038535012158,
160.15485079896456,
188.2374141724496,
201.51864522158743,
158.11537461452372,
136.18791233454655,
163.6209104863194,
182.37054803867647,
170.43903710787419,
131.58853851247642,
210.37999903216004,
203.47072856907968,
198.20199157076613,
186.79639019729248,
155.7678103801559,
183.01641968655656,
175.84865771048672,
148.8927792434614,
145.62808166916187,
150.72740333798234,
124.25162949472124,
155.84498818440917,
158.1984295484511,
175.91336745594984,
170.18442132061566,
178.86890789262827,
163.87958796239562,
178.85425638747938,
186.44514669432357,
154.24219642146662,
151.56717598617936,
153.75349004632176,
129.82101320607504,
173.15124674235742,
160.02869279895972,
155.92781853355842,
185.69565623549929,
170.6266336673247,
128.59366906488464,
151.86921155191806,
175.5530064825547,
171.64446936284068,
176.25524125451622,
156.3653886905518,
162.94640266379002,
140.54023649174707,
129.08298250720134,
130.34744163022174,
167.72304704416274,
161.31424266936628,
139.7897826923372,
143.5112499522495,
151.3578929605265,
147.57262413759787,
156.77911260643768,
142.81246434741377,
143.85699155421514,
157.28976044696512,
178.2878128245644,
164.3976630114521,
144.3127819369414,
146.374415260271,
123.87373125082395,
140.42923593712297,
166.27474718994,
151.22063076765315,
165.81736073912415,
131.42876608895222,
169.35720240752065,
241.62217901383386,
213.43878782564224,
165.08610011114203,
166.86774620588628,
202.8247437321234,
147.90905173978686,
112.0211486613938,
144.63797464067295,
180.21670634345512,
187.06872549836106,
174.44221964525232,
169.64663950462509,
184.3717016702815,
177.01364141637623,
157.8459123049014,
148.36017822693557,
148.45114704144535,
134.972944282909,
150.46407059755722,
160.88836096383798,
193.49378679882815,
168.97444807097958,
132.87653603820962,
137.61160164646896,
168.78040631031462,
178.10572200035847,
188.59733740760504,
171.13839523371558,
144.7518185300159,
167.99297094740226,
197.52236783302465,
193.46622917042285,
123.24299422418012,
133.90900363078464,
179.0209630351797,
177.20749745232072,
209.72392312108582,
223.3946758463967,
172.55298625421204,
161.99157092616588,
178.73899404015802,
222.1141268344694,
251.69871061915683,
217.49300186910045,
176.9347906312317,
204.07513935420897,
138.04931219233413,
169.64823401809133,
206.4936692436774,
172.85813754404674,
168.96448538722908,
192.2941414213407,
228.53391336044257,
207.14043504243693,
133.144521953433,
145.51909454576256,
153.25676986143333,
155.7114704525147,
132.79963286756617,
193.41048581699968,
187.5336823255766,
151.07556053935818,
141.0520323351984,
203.49984923844423,
267.38678385024264,
208.81753921509545,
177.69585681432073,
178.1188036634709,
171.04414940536904,
159.7846309282691,
178.72274097460487,
212.69749781690794,
205.23991319330517,
186.8315202288033,
142.5777973010332,
169.7575369194504,
215.0389332950971,
197.11833215163767,
209.20446613861998,
161.80823034888763,
189.0244073975762,
194.8386536447287,
177.28804161596287,
227.0351562324319,
218.53546248050918,
173.67481822011075,
196.63102383596058,
173.12310566679,
193.54972899661362,
196.44908335499622,
199.7109516642142,
170.9660814989794,
161.1666872180905,
181.12222203705088,
224.79742550640805,
217.5592470372282,
193.82321267822277,
190.31004049621782,
171.8936765228157,
235.30668748799923,
221.61901076760523,
218.90981006627945,
192.51574587904682,
147.21037097811947,
189.40742218842612,
228.2207834139531,
234.27252266916756,
246.2842187284476,
250.45505331068208,
221.7574864841223,
249.50385204404796,
198.74581133080716,
187.34126178898822,
194.27553412864287,
247.5766455048566,
240.3097550392669,
170.2550843282324,
211.6683563250251,
234.5255238451951,
280.496487818629,
240.9623347456776,
218.07877529305034,
187.68213227257877,
205.3445108473452,
227.20334995613794,
228.76810473582896,
226.82906334547417,
215.9290686034656,
198.01071541119532,
224.5776397522572,
196.89156432818265,
264.9428161334518,
242.74310245822687,
227.78777877111742,
259.79284066640344,
244.71448699663017,
214.0489934010509,
207.03484699286608,
254.3512758514216,
273.5395582034746,
231.95069961950657,
223.37371793195663,
246.75967004747537,
298.86268377343043,
341.4198303134775,
231.93262945752355,
281.5761630437661,
215.87693229292051,
233.586469232806,
273.80956412678074,
186.53264457478983,
202.33731531182238,
273.3164420091298,
282.9045481477918,
292.3921535470424,
283.15917815817306,
220.62347997528124,
235.71527428243851,
199.463613456565,
200.63433326422884,
268.38997230825515,
216.9524223777931,
168.85085686951294,
199.15997772560104,
236.02154715557765,
238.49083431598885,
246.24890728961824,
212.03652666079637,
234.12063213171885,
298.7660717331653,
255.85501477630092,
226.81587897784382,
228.39270828379892,
205.3591863430742,
191.97125787023347,
220.3621555615073,
244.68439641706738,
258.4011213240339,
200.15478342907667,
242.72367359558731,
221.22197926864285,
249.33604797586378,
230.47593953239414,
233.5233483347284,
262.32947044170135,
242.32218005293984,
281.6183936097316,
285.98126993658957,
250.01174822619333,
218.53276835037678,
211.23571284164387,
189.1407743669874,
186.1376191405989,
179.4788850477317,
258.3162249501442,
224.9459761420834,
189.3024546720897,
227.65011035841857,
218.41069242468188,
226.55837389071445,
261.08677441853183,
268.1114564139769,
242.30409168733044,
185.96283713990707,
192.52753687469107,
241.26911297951716,
217.0379838191934,
155.80447078661757,
193.84049536682716,
223.05130811128623,
223.79104981278533,
213.9418535611606,
216.33108900956856,
207.7557188732248,
211.20466622589913,
228.84743064811678,
219.9955418445933,
204.75891759612762,
173.40872739887394,
170.1936069243919,
144.78172697080063,
191.87653601696786,
194.45428925088956,
172.72053565137472,
189.98824158732128,
180.76401986331635,
182.9038366573209,
187.7598186185706,
186.61154503294776,
167.25616484640128,
148.1648061432211,
181.9298186660719,
198.2557369160882,
189.40626149223849,
134.82550715040733,
135.7555549015927,
232.1415758372796,
217.9881846307749,
115.35257996771178,
161.65801837499723,
169.9807151363832,
148.25573610495275,
143.18360848159014,
177.05112609763992,
186.14650307459496,
156.38340821813603,
160.00682832126105,
151.83238706065598,
127.49261995201923,
109.37050192590694,
181.10669196710947,
195.6352433743255,
163.99808608683085,
157.68305250518344,
173.37864851296737,
232.53410038142403,
218.62679076193334,
161.10989773137348,
145.45704452612324,
117.69725516850193,
151.5892393122809,
167.27359020689394,
171.1918855370854,
177.59424611357448,
157.21661541186415,
152.94455466512147,
131.19468092767664,
176.0021894894884,
193.05805455178395,
141.09271948449583,
127.7195006517694,
152.90969620048745,
153.58995164286804,
169.6705720253123,
200.59016568027005,
177.0765586155741,
146.0436347101972,
155.5760625798822,
186.00643167605227,
203.4816207344825,
170.76789282124255,
174.28158787972566,
169.1234214517463,
150.43030893719487,
165.03303776512945,
209.56605519060133,
189.8567351435259,
168.11603665859639,
194.22739724541375,
152.42179955210105,
130.574458706915,
151.70979135069533,
195.22759503959534,
159.02875515841387,
149.16812908800142,
146.39440923727503,
146.19768838379017,
174.89745146105378,
152.11871920882948,
154.43319441560672,
165.769759984504,
190.1214242945594,
192.4162509709865,
172.6341580136581,
154.13567646889288,
179.3136329829453,
177.7327674357612,
190.85436870993723,
166.5437397758028,
213.5492749963691,
205.01649941839833,
159.84470415714875,
190.14839674769294,
186.54118275133138,
170.68715687479002,
131.12386490519302,
147.0704373634414,
183.2165132655083,
195.82691714877635,
174.86540521450164,
145.88127553984702,
113.67490423617377,
196.76231058627675,
212.9487078585512,
122.24909626237519,
165.84274945192107,
160.22415644045762,
142.51753393756806,
131.31551887330056,
167.62487095119945,
179.78570840959466,
172.61454561998542,
208.2406233404152,
218.38858460154503,
182.39419141447476,
174.00850155341936,
135.56758256070668,
172.75657430547233,
236.3584683279464,
215.38167316192155,
162.50892950044368,
138.39927019757368,
183.76595500918415,
187.4424305030136,
133.49912432035697,
154.2392224327175,
184.97040276487803,
162.0359984663984,
112.92522103381266,
188.74083495964084,
188.36060021307625,
167.9599994367906,
167.16975150689882,
156.44662937149502,
136.70312252458027,
123.61964842612551,
133.66302295887598,
134.74221434194007,
183.96074359209743,
155.37015027705922,
150.6698929013841,
178.60823787660277,
181.64405247507432,
184.22375998264832,
169.46602656975057,
144.32858066114724,
146.7569479683345,
142.82668674958902,
162.909173966937,
150.9601085665376,
168.40841719928787,
187.6214049339131,
159.66857687859232,
191.24822442941016,
183.27997884592818,
118.86480563786372,
124.55655449180747,
131.61621867637336,
151.70360704367633,
133.67798837875142,
107.55386155750278,
167.5610735766134,
185.69867019327998,
164.278542067846,
137.99052602957838,
148.98662450271198,
164.28801335690028,
157.0824401040574,
143.1629306296828,
123.97304053567488,
128.3357087263646,
144.36614030550192,
149.7576979785825,
139.54216651168065,
118.07134232995622,
156.35951699954975,
173.97796049352783,
136.41050726298374,
150.94751672588276,
156.74438194098337,
192.40142683986812,
191.26921552525195,
198.10323121338632,
196.2074673845647,
138.48022878383873,
202.21656242851506,
165.45417204867198,
158.81491610094275,
149.7919884639567,
173.48979293844295,
219.97428726650637,
198.2924080806618,
210.95509213705094,
166.664151155346,
134.96506377452337,
155.56115864311977,
149.8549842144585,
146.257185127563,
147.3296232056123,
174.06988392341768,
196.71499450961775,
184.896635714114,
153.79215023176587,
138.4140096902676,
135.15075391374043,
155.36840959714985,
168.41305454533085,
158.49474009602721,
91.70800562033003,
98.98808095392333,
136.47956089919373,
194.68925523122186,
194.2833706618126,
147.71328263839484,
145.6270134456323,
162.31236581678058,
145.84790061699755,
176.82488028099104,
164.02579546587737,
121.1523976896439,
109.90236962221016,
111.87826820333144,
153.05917967827284,
141.69834800744948,
165.64330887533535,
188.7343255571268,
134.37650890158332,
140.86141214154208,
170.1655206537171,
170.01492595824092,
139.93347863289796,
150.47187963848307,
158.26886819470167,
129.35947034972978,
125.1234096164839,
168.13785637353217,
191.07028513684952,
190.79488805844744,
130.01365150899193,
142.77372583165715,
163.01007461684523,
181.70604267485572,
212.4166755553253,
155.72727371359647,
111.31428246597395,
150.1411779039052,
138.3187102506047,
138.97790536003208,
159.82912089640067,
152.65429315716705,
163.05216490995895,
145.7410966033908,
124.43946666312742,
129.05048393618029,
166.7421999306593,
146.59141733197436,
153.72345851329547,
156.85951892389792,
160.2727216678893,
173.0500560617695,
173.9041573074627,
165.1187071501925,
162.71945617235426,
156.40489263331335,
177.1677769194694,
199.00745974777658,
173.62039113368894,
185.58920476461626,
201.05932336293571,
190.26385120818748,
157.46107814212831,
187.531055748785,
199.58906452103093,
157.4374914764734,
157.49639196064635,
175.53868177531598,
157.355696192432,
147.14099300439725,
149.82095605739195,
154.42452540017086,
150.65114545049354,
157.01035826643474,
153.0351770773117,
119.58526719189982,
155.39313749528034,
171.6502894935717,
106.53244892361094,
84.31890663340711,
120.22374242003858,
166.71776542340695,
153.66821066018048,
175.54096123858963,
212.23460215118794,
162.0127278235977,
115.90780915772862,
98.15383156838419,
149.42894788632967,
170.73783571460902,
148.5949248922849,
165.16368149771995,
116.89331275642886,
131.9755282264157,
134.41185485494134,
164.16186723145802,
196.95812912354484,
146.45471623828485,
143.38403084693735,
146.77856477296038,
132.72676558532714,
108.83279815053484,
146.09795380825096,
151.87237174447293,
138.1922712654645,
136.46333304172714,
147.1353469681187,
148.3455305274066,
101.38825735496411,
124.75608277912352,
159.78330141381537,
161.43685187012693,
156.1047235844025,
146.16973747965343,
148.97121443675246,
150.8340227619506,
158.04118639872752,
153.633367094163,
144.68977335129367,
145.51223076521146,
134.4571687352984,
164.29491336679442,
148.75094518764138,
154.951586497979,
174.87270520142954,
156.93444617875392,
143.2298988371319,
120.91816971677231,
96.31360765612251,
109.89585558447365,
129.48183375825988,
160.31641703831593,
168.4668288033347,
158.20615364711304,
122.57693502235989,
134.0563220615777,
148.77660564346098,
163.92460208512085,
152.42101641334713,
127.22115389509418,
126.31346320832239,
114.45873618920601,
155.7678870821636,
160.9583481089562,
127.20071810644282,
158.0047245680106,
138.7842353937147,
141.16722269322818,
152.49916664660233,
150.2605395566867,
184.2968813610369,
163.74522774179889,
133.4636577503243,
148.71589850143707,
146.13446598316457,
163.68944772950806,
167.96553539835395,
140.50250393488938,
117.37065200485779,
115.6454774006788,
151.2924432082443,
145.50945874162935,
112.3587444960741,
147.7905473864108,
140.3315100658273,
119.43520390436268,
