262.1,
179.33802593387063,
50.415923896745774,
36.666397368405484,
11.87944472221692,
29.992026365053807,
6.556340343430217,
22.326517834583154,
1.7069575003280821,
8.537321654262854,
22.185376557707038,
25.4169277988038,
10.186071582370404,
23.582195643905187,
14.410474394028178,
24.59956417326752,
12.994090768383993,
15.217202927362486,
11.732784512701873,
7.911750432916544,
22.109667899506196,
41.13401371824514,
22.65124014242314,
19.290394048961346,
9.584816900015927,
23.832043477803133,
23.82301517485525,
4.950027973637088,
9.100209643070462,
10.846249977532164,
23.12317319411101,
21.156940542167057,
22.34665958884707,
24.471496429231866,
12.30623403466494,
9.538602499467682,
16.690873867435155,
12.027956787407406,
33.003381800442035,
33.23782173867606,
15.879192147360333,
0.3807573638819149,
16.17305597237321,
24.033226361796743,
29.025190198135117,
28.832851339966012,
15.982831509947019,
23.613376082928063,
21.2135464292619,
13.457000978073161,
18.10019333120741,
11.139107344450593,
4.20151365517906,
14.604985075453618,
14.345347946763672,
16.443210553072788,
17.435811028543686,
9.465589958178095,
16.18582543578711,
10.57283136328243,
13.241548232931915,
28.611759287650653,
17.911945540995998,
37.363086367629904,
61.535860030867376,
51.77334067619141,
25.94644993996655,
18.26018864633696,
2.5918439977442045,
34.02649839324032,
40.91234430973122,
15.293847593080061,
12.375661906176353,
16.99700009136039,
21.372746267862553,
19.726302433551155,
6.497401399694597,
12.49736522231687,
16.743571005920842,
21.313419038918987,
21.967743749273996,
20.028408019271655,
15.992020926394641,
8.017141058290342,
10.18139128253539,
10.354792802361711,
25.18425282837656,
29.573683555045054,
7.212466500338086,
28.649784846676788,
16.357890657193842,
24.979734143258028,
39.324430373116634,
18.833766909253303,
17.543176445044402,
28.4792254882905,
35.77213390255892,
20.81023026379774,
20.531922017603897,
22.800794348691912,
7.616841428485499,
34.40521556416645,
27.962319241206696,
8.356555453179526,
11.998021767312393,
15.741551053561533,
14.567763850591463,
20.395123399340893,
20.232489735521774,
3.2700291555189804,
22.78223382698454,
22.770235638991124,
20.84370082319591,
6.016782882622735,
21.689628730632837,
20.379152406291965,
5.562560894410809,
18.90266441055287,
7.383193063812373,
16.476528150180762,
9.713564716153414,
14.705265328027489,
22.699309182050982,
13.859409613759933,
8.946597330364929,
7.088784298372803,
7.577206105308225,
3.2464863982816263,
16.51523776276786,
16.74312811806808,
2.9339293110479594,
10.75098238023624,
16.732539341093144,
13.730332299385426,
11.548094746273033,
19.245089894007048,
17.597413092596266,
13.559733029658368,
13.880601032665759,
14.444769687694356,
24.946806432696125,
17.884013665934678,
6.327058008293223,
8.645313328616814,
7.992807491933864,
18.07417794642715,
9.461153094488795,
4.938082315366017,
13.771324887878196,
14.197217249882224,
6.097852094830928,
9.144170763575323,
6.310335030450486,
15.625959588884681,
6.924356738078498,
7.880744285462839,
7.594140736275694,
12.248147805438629,
20.177544809897284,
14.694502832083788,
13.363440950953395,
44.92395993912666,
48.804540038021244,
25.522290740516038,
3.4704878265431067,
3.975665325450057,
5.537031022662637,
8.709505666406177,
10.718420305976876,
12.4155373128392,
6.314182055080381,
10.36644474843624,
7.894505196486003,
6.121996570939487,
6.193282640511472,
2.5149035491519585,
7.845333697642125,
24.040923475794376,
23.2165170093481,
5.655239068642912,
10.145453942243856,
2.6676938783043007,
8.502889066545091,
2.320179458547511,
5.896996430093075,
6.139627043476396,
6.080321127018543,
10.17808772713176,
17.069678010986017,
21.8537065400863,
20.998132654350457,
11.794958891428621,
13.669175866498659,
16.01376553613765,
19.435933796148273,
13.795044937853852,
9.839696807946481,
10.282372455850775,
21.511676715468415,
19.815273663037345,
7.235373242807854,
5.47602479381993,
2.711685836394821,
7.156685571888328,
10.368985556949378,
16.265922247667998,
18.533416592511134,
15.116916849314828,
1.1837625427654228,
20.426402377451435,
26.907012108333973,
11.907951724387011,
13.814715392710943,
28.44729129902049,
27.062931607806274,
11.50254856286969,
2.359213169159159,
2.9402804165561114,
14.245549815627081,
19.700451829150023,
15.815563458249011,
2.5373450129440607,
13.251135433224697,
9.362897932994633,
10.935661801337453,
7.693516709254548,
15.837736278656713,
11.853214159452572,
11.253923336919147,
23.904528942790364,
12.834957773598976,
9.445723778332043,
15.768186244126653,
14.706039402038183,
9.381155076713531,
9.884442708411365,
11.904486141268606,
14.920357392353376,
15.110209122613115,
11.026305103922716,
7.445765254754855,
3.7084687272591483,
7.116274173317617,
14.417284607832544,
11.716383382299897,
6.335353435352272,
7.253745942390851,
6.9260087386639375,
5.921199900763057,
8.150763460289783,
13.94571922845783,
15.557958757795884,
16.34884755803367,
26.890642011220383,
21.3662094326616,
6.085989386030108,
10.652839149483682,
3.595929094248263,
9.799453254555084,
13.602588277290337,
5.7065489828317375,
10.104291712560007,
21.85599667743991,
24.255283106413568,
10.370779230981775,
21.308927825339058,
18.9762597905219,
6.947949933217691,
12.391574522249986,
17.467342551933633,
12.325881718294584,
16.33538267493683,
27.477053199881716,
17.56768565148484,
13.836743470812271,
10.660384931026513,
13.379062380701495,
13.562037459181221,
13.923517186481662,
13.735241589432384,
10.392048240698166,
8.701108053331371,
7.879729126729281,
12.44650752100802,
20.237820778683542,
11.821155044986128,
5.677724885304392,
9.924155183987109,
0.8863850625212792,
14.398461182839508,
19.03715183951401,
15.163684259848077,
11.541940915486283,
18.84002584876365,
16.78434396229676,
9.128003002858629,
23.414705254128787,
21.435322409598246,
8.45416916488423,
23.40482591909513,
27.27827591408364,
10.181289473030164,
5.464834300782205,
2.0190971717259254,
17.73958445501757,
19.94667379802848,
10.259358773460924,
3.4570558563898826,
0.3834125573578638,
9.342812828172512,
19.114302481292498,
21.448488954860025,
16.12890650949631,
3.687009419603929,
9.739181181436605,
10.10289891036014,
9.27954090498366,
9.05592770687071,
18.077625281108986,
15.26989379520454,
6.770782458711336,
8.679644913322468,
16.330955154228523,
14.11503853384672,
6.609368227270846,
9.408316440501542,
16.756217094484654,
7.616061993033211,
12.241518289129498,
16.637887290214437,
16.251936548406384,
22.711235213831074,
9.80565827789925,
11.363377517309283,
10.970204946431288,
6.269503666365966,
10.75638901705106,
15.672162543765703,
13.428246605789285,
10.998848276124775,
16.388067275445945,
11.401802799004393,
3.9486145449346672,
6.391713114090791,
8.323504766766558,
11.611144227709822,
14.751435318957647,
10.39773780849967,
2.8969878085953082,
12.586775218667587,
24.736210661490844,
28.541613285309012,
22.49702855195036,
15.217395079624469,
13.146078371641272,
9.915889797840832,
3.5494069682009006,
16.677563811210998,
12.151140893683166,
15.536693748516328,
28.73988517760858,
16.64907485779875,
14.224751114217169,
25.57766602632693,
19.441740521229594,
14.89217049953568,
16.695537105162238,
13.407106887232782,
7.627586021669692,
11.590168665812255,
10.089516913136356,
13.56362057204254,
15.834401382750057,
2.4459551418103684,
22.656795703810378,
21.870474977090197,
16.758613420122153,
28.666278951040198,
24.95061452172476,
17.498725399591983,
16.29763220597109,
12.226662351179622,
13.981997468496418,
1.1061895189919897,
14.75112365826058,
2.4644924481365464,
21.627947277603514,
20.070875293047912,
13.526517061361357,
34.10970163343481,
25.23469100060557,
14.70052059062213,
10.963612540394758,
11.740377970594995,
27.62506032310898,
25.402027060898313,
36.892817848692076,
35.45433602399941,
14.462314587952816,
19.681134088323976,
30.092070738872106,
34.091208220807154,
15.538582744115999,
10.499373512880595,
6.437876214087877,
10.215992528142333,
8.538408680750969,
16.526919287961,
27.457527896071987,
19.31525820796917,
10.94703201396705,
6.53412507012663,
3.6199511422065442,
9.968877292404862,
16.87478923931821,
25.22938331387163,
14.693878418844138,
13.510164120833915,
17.694819599371126,
1.6642768302520554,
8.63493551241131,
8.05639116532568,
22.36378876872769,
17.06145736309237,
25.582081124958382,
17.634084227812657,
10.739178114714262,
15.197691858013748,
3.4155199633116724,
13.040701286736848,
8.943670850565226,
7.954748840883402,
16.19658282614833,
11.617410176336707,
4.859752035487796,
7.458541957152514,
7.461845587012259,
9.511600061999813,
3.5526680733444658,
12.473113058410704,
10.712534373300219,
16.279618361685497,
23.499548970451833,
15.286227399970032,
7.556381567530286,
14.513455268957417,
0.6930868962409229,
13.108806572560013,
7.258969393502915,
10.770191491546361,
7.70203893615084,
7.069284604986874,
17.003895433581267,
18.2919015480723,
13.898251874844751,
27.866995180070838,
19.37011757125615,
6.033333646148097,
7.070714083312452,
8.234112002105366,
12.08886193865235,
4.434441761655696,
5.551906107581998,
7.230180621478785,
14.668628501739486,
9.194520269826445,
5.0619428932753765,
10.245483803060177,
13.820570445133601,
5.518066815313357,
9.971945361486476,
15.87120516412553,
14.271278955746448,
5.49255833899339,
4.337274892484936,
6.140568129046153,
6.330272923240728,
7.094049321729033,
5.722129047975971,
3.67827946967529,
2.785311013100431,
6.7038195718710565,
16.182854270185203,
12.40991626849309,
12.064705068020281,
24.600891263466224,
23.976108847993792,
13.15453947717103,
6.523186603959847,
11.745193047172076,
5.335727326328715,
7.748446329997155,
19.86620056466896,
29.828505931829273,
22.755848479728918,
6.643273664078733,
1.3063496124965992,
4.035208778592016,
6.828829151489381,
12.339761731766552,
13.19671517606231,
14.95764275449993,
9.991041742427097,
14.194115270677386,
20.998674598473094,
15.191583710293028,
15.396091801801767,
13.358225894873899,
15.551239703449843,
14.349237337375609,
10.315647979638031,
1.6981064092918616,
6.575888377781531,
4.375001424946319,
6.4926251021714325,
11.44063706145994,
14.5860041841583,
10.49891834442152,
3.867494635332993,
8.08421934959832,
10.304726935906881,
4.458598280627974,
1.7074649814630787,
9.64673862711894,
21.58396847843546,
15.311141191492641,
8.745217417126918,
16.30906216038032,
7.883202158159548,
1.821531033357629,
6.64397172262432,
14.218556096290905,
14.040911313329897,
8.361328332588952,
15.656862365294563,
19.302147612325207,
14.405478107959432,
9.939228421446987,
7.746612876289243,
9.775191868918855,
24.335247360476504,
28.59313431649372,
22.98787880056792,
9.371526891482157,
5.786345236625479,
9.610978026641114,
10.080447621285902,
5.284292475578072,
7.687326600047238,
13.395474322654966,
13.863814973629028,
11.656389868003599,
9.79314031878,
11.871035000365993,
12.884733480848409,
10.447426056764941,
5.95498367231644,
11.89626010697897,
4.830769040737408,
12.959571928388419,
6.237149672423835,
8.553459429251006,
5.126177688640336,
7.492336555661669,
8.650239784955382,
15.089716568444798,
24.09734411537571,
11.999290258078487,
6.732815256002201,
8.627587487491668,
5.524857539392535,
4.155836213044811,
12.365504495771264,
14.548939805658033,
3.554180802835241,
3.5981435557956414,
18.903494371238068,
28.51323774270804,
14.411863385268921,
2.6441519424335915,
11.912204325046691,
19.47773091826493,
11.196881656173945,
6.78927524252329,
11.4084663114441,
12.544454564636006,
4.271089895291124,
6.306042693444676,
2.0713177658285487,
11.621631012112946,
12.387988501666918,
15.618577484399362,
9.157043234775694,
10.731547050499506,
7.977589300816463,
6.350468202634446,
11.508326646086076,
25.513199831826448,
19.527708520954096,
12.70766375329342,
17.850824368773296,
3.081996530185266,
20.547647698338494,
15.132692751254885,
5.706800616166782,
3.8517826176075283,
9.493326518280444,
8.618757359134598,
1.6891387032899183,
0.6848184012212268,
3.8880385123635977,
8.618317283207379,
6.65106282803194,
4.3038852476812375,
12.112395583340389,
9.729761252062778,
5.738449116411258,
6.555859469379125,
4.332415289779198,
4.443490431958832,
7.000881050206657,
8.043653915140682,
11.511235384646145,
16.253668252210925,
18.249716745922743,
12.488241609583417,
8.877773330135785,
17.29869217074363,
15.952028054812798,
8.656335576331047,
4.585562168377743,
3.0904622736271286,
6.365595412537238,
15.475420118770622,
11.527484493137909,
1.2282983137910293,
2.2006777789127105,
7.665268654618092,
12.945869087987877,
10.840447810804104,
9.684323216046966,
6.642525561553398,
12.844087302492916,
11.76405190335244,
6.702745877297838,
6.0567871783342255,
6.098905890515172,
20.178390216477315,
18.976768059019165,
4.515607900127299,
6.105107945137349,
8.079685113570443,
5.778815395157277,
9.505806596829517,
18.384528473950816,
14.658654748517048,
26.889405441722715,
33.24827775811969,
20.708857748504617,
6.491672501344172,
5.805731897630645,
16.172956234683696,
22.864992582003392,
22.63988023848612,
19.303666173964686,
10.535978556693118,
5.690367930625469,
4.262973796171795,
3.8525403592432323,
1.6396678854182452,
10.415729087581928,
11.580997611787083,
13.004404818821847,
13.270690792462462,
5.484534181835257,
0.8859774582572683,
2.20499734693565,
7.156978410128699,
13.984696892660406,
15.762304228773102,
19.373213408556268,
16.95603959045864,
1.9864810480788122,
7.011755640563289,
4.648642547643453,
15.401632051251703,
9.817583530809273,
6.586533506081715,
12.441443284249088,
6.641545489965084,
13.940696390018731,
16.489580508196273,
11.155699244402706,
11.243289702800185,
6.5652705441981976,
2.43025482049698,
3.9268913836025456,
6.294857427982272,
10.440165735084232,
8.420341511509724,
3.1027448829549056,
5.226745944731981,
8.3668341342701,
7.822830547153949,
8.41768964100508,
19.042222474812643,
16.331851901245237,
4.82083536507667,
4.586217924845567,
4.786176468456505,
12.952384230397229,
8.128036853130803,
5.002234666478655,
13.397996030598753,
12.361687020959256,
7.17772065485613,
0.7175985049605628,
11.028221002256894,
15.591248487429,
8.769517088391648,
7.5656390519349745,
10.19771556506757,
7.121680152029477,
1.4872919774773463,
12.116853528523292,
22.402910359307977,
23.96341897434976,
17.585029181871917,
5.691894020559934,
9.61117592722086,
8.349653997828351,
6.207076255343159,
14.861125852119455,
11.144506738380047,
7.1864112217989256,
20.248644244875614,
20.882191647771112,
12.779574741614814,
7.406525204559602,
7.844266400720658,
10.77204106424659,
14.48044771887167,
14.16163753040587,
4.506465474386836,
7.817891093784064,
7.718677615451045,
16.404043311424328,
22.180114621076598,
8.071728143540627,
12.912464992417164,
15.409212466701629,
21.578940742358686,
13.52510625805263,
10.606000918366218,
22.742444246877394,
13.135389663259046,
6.980809536339921,
8.840579527178349,
6.1880747173319,
9.175734531985636,
9.62264629219691,
7.22870798324435,
23.74963503743015,
22.45125096264304,
5.9822809743822845,
16.089801672206768,
11.832143460429396,
2.3607698583091827,
2.539127624654318,
8.130347332284353,
8.867252928813087,
1.0115163579566255,
12.515764947418008,
18.39275008157512,
18.157733758047794,
14.538431916571238,
4.694674042987734,
10.82234429877648,
5.212117434309052,
10.71329219073709,
11.061959530702826,
3.337303027648454,
4.140562304054832,
16.54475270624274,
15.409318344201308,
12.85249799638837,
13.09285825908187,
11.104841960235584,
18.781988959767922,
5.640378097681271,
9.191845325569936,
5.9839031083404635,
7.915609617015876,
16.24405161969283,
12.98201708098596,
4.348608231251126,
8.315408260803782,
10.445574794740313,
26.884657194686653,
20.82982951081552,
6.261991180231413,
10.171876967910421,
16.02659374461938,
11.733753216622576,
6.741146488917334,
4.758841691963722,
14.669086345990442,
17.82743924898186,
10.238239840830461,
4.292191552759131,
14.881728508768761,
30.985772017280674,
24.97196969332776,
6.170759439212867,
3.686309982409463,
13.17377781952831,
25.282117413690006,
12.981566168692213,
6.436295661806934,
5.443072398912818,
23.030387140086173,
28.738914756869466,
9.721682362645362,
8.943095272738432,
9.497721939947844,
10.147018153584819,
13.361214208045013,
21.762861579195878,
18.48774928552224,
12.956777373098078,
9.26940771858861,
5.1873750472599705,
4.377672626463187,
3.780485499145486,
4.728806126962406,
9.927853487648948,
13.47233566826486,
9.557471341740458,
6.934039785997982,
22.861715904727248,
25.750492955629827,
14.761643051694303,
19.465003802282105,
10.7125641358346,
11.533837557004073,
20.866331430576444,
11.726568229810438,
6.792372329968162,
8.826356526334571,
6.284493834421808,
15.754772458153067,
16.32823629907661,
15.600834552812474,
15.14594818533402,
7.360570210968753,
1.5635712160788,
5.7942535842080405,
4.754579450175921,
19.981912838165183,
19.826905834372948,
8.184279259526186,
13.930300483990903,
1.5282362821809927,
19.137738154482392,
18.05458785350786,
9.657253669218191,
2.8966820261881345,
8.546594628245897,
12.483469087835108,
6.548276044062988,
7.4546980619755,
12.415698165062269,
8.965514829860503,
23.911566965797068,
18.437428907253693,
7.873729153752028,
13.867111008046386,
16.597800003555445,
38.647299079953086,
32.0158257214011,
7.622767655061651,
11.097807648819145,
4.768053438371056,
15.239632216390685,
13.352824149670363,
10.411568764069964,
14.754788315625508,
7.8300492520819684,
6.363535584131746,
3.0162001869578483,
8.357402982812609,
19.69253740406138,
27.5196845569246,
20.200709646006192,
5.149531912834578,
12.423654531352632,
9.58305405930365,
2.5544929015861784,
3.144497410147246,
4.717620503148274,
9.907525286046646,
12.813876432542084,
5.022825063356238,
8.746409643054976,
13.741537123646818,
11.325210022796071,
13.91685787099338,
10.31697762647077,
1.8427500446396259,
2.9847030309468114,
8.121228724499112,
13.07954801842627,
13.745974059176065,
14.193985145024634,
15.504330307012534,
12.278673049775108,
6.393215406739038,
6.6904207080997375,
7.440765453186581,
7.406746218099011,
9.6864662808885,
12.437306431333461,
13.294332591205473,
12.175548559222864,
10.915039804511428,
8.110995184137469,
5.257678964996144,
15.666307417995469,
21.607224175207683,
19.830564787634028,
15.034098559567875,
11.82594872602105,
9.085949194035736,
10.437802707002218,
17.70263769308166,
19.00411670107451,
10.794833583061672,
6.653737324897467,
9.412724804464435,
9.065934188661412,
2.702801921241067,
10.029643688530879,
8.549946472939094,
8.971744317233682,
12.435379082672865,
4.995423931634809,
6.371967061232308,
1.4273549093972475,
4.314790097452036,
4.520403968490314,
13.709980344949889,
14.677086771129629,
17.414692193640363,
14.618022114056508,
10.73345295534951,
16.954038557943793,
22.97592314873225,
13.985514531110859,
7.726898843990869,
11.603223317619141,
8.316875451707688,
1.8629202744111473,
18.342817033470638,
25.673187323203805,
13.271092778158877,
2.011869618118553,
8.166082206244381,
14.978392894571908,
11.127973273683432,
4.090382530518983,
10.098756025958178,
15.745548957700386,
7.389771803024312,
6.098353084173302,
8.94690085191978,
6.254757555873318,
10.600304643559785,
16.842048053422218,
12.924545990301954,
11.68805481291354,
12.149693662957263,
7.285527714126504,
2.869174217685324,
16.60661533260988,
21.20032614095738,
19.71002039296169,
11.135059175828998,
14.855677235103736,
21.70550616760345,
8.487593242380225,
9.18710060207085,
5.118164228923671,
10.606564990278333,
5.034392113903636,
7.562942177955025,
4.3949687671782085,
4.332437312742082,
5.387166683942297,
14.04164129662685,
10.643644933087266,
16.113751390511677,
9.968237644182622,
13.587993077825677,
17.335632519325422,
10.99859162196036,
21.139026036966055,
12.25442467269211,
6.962350859506877,
14.029147043156074,
18.045424257600224,
18.49159956859418,
19.535241154297655,
13.028371546494252,
3.61620248294115,
8.210556147986619,
9.05502254247235,
10.038821503204773,
12.510205085093917,
14.564478442703422,
12.804502160528429,
8.118838038030486,
5.5682491415670325,
10.54376563762068,
15.63559475062272,
16.545940908208824,
19.338416999612512,
22.455446138244234,
16.097077192777746,
6.876267002987165,
7.151709582499029,
3.2528477604578128,
2.9121444434292245,
3.4503864961356245,
10.51891493391288,
10.691136450230553,
7.4768680197725566,
3.5253538079091014,
2.70082901560924,
5.319238134869147,
8.735979865221196,
7.842914426338676,
4.075226817554081,
2.005135240441156,
7.494195597298686,
11.790324015385984,
4.175433826331025,
3.846969631906374,
2.3888771741220007,
10.390434021260377,
9.009449783496034,
2.3200938334272916,
2.941219135678951,
7.797985894068074,
10.016600411513169,
11.577601390749745,
7.33862776184293,
3.010071008167011,
6.622612923600822,
4.20847731611504,
11.505240328168144,
15.45858738401733,
21.656582598751736,
17.260714329350805,
6.981147713101692,
8.214140615285542,
3.192324823687096,
11.210249166126735,
15.385264688614095,
28.96833353733452,
21.22365495849315,
17.965562432124536,
29.29941412091208,
20.693800828953428,
11.407788735914671,
16.48189054897798,
23.118223387768598,
24.89144039414055,
23.0218601453737,
10.120047967465943,
14.847979744119172,
17.31881188543368,
14.55990894437601,
13.97849083108067,
5.547139075586028,
2.78837321097379,
1.2269609748147108,
7.283873039401491,
11.654909334367163,
13.173939177465511,
11.070296292860252,
2.665269717704371,
10.148767440685376,
16.63777114436793,
12.800025181172082,
4.114820351521223,
8.760086599781124,
12.947724990798653,
12.718607319427365,
5.378069622438029,
17.903160249482344,
28.177121798510523,
20.132505753576662,
5.710737687139254,
10.982786689173677,
16.41759263956113,
7.71168190486419,
10.096131694409825,
19.33891397163366,
21.74132833168993,
17.564826178159045,
9.084679662771293,
13.599924984743966,
15.382722622099195,
19.391978906433447,
26.07379875614271,
26.66798481289763,
13.013865050927674,
9.262359585323187,
21.57431509283306,
16.505351199079872,
9.078331340198298,
11.306858333719813,
26.756073040154153,
26.42234522305022,
7.410134044782052,
17.72309107597537,
12.417678662926605,
4.536906565604759,
10.726652738089143,
7.335285454531194,
9.518347135729018,
9.090192601891346,
6.767782434281322,
4.126749972274226,
7.920444767341266,
11.51638337403396,
12.803039894861726,
13.27887810241941,
4.9051965638992945,
10.895202306134324,
4.511471832949458,
15.500248669655125,
19.86482584873782,
6.569108168839957,
16.752996356181484,
18.500754425166154,
13.701549045184283,
3.6838673639945734,
17.670294418896276,
9.862088013944893,
9.12014321834903,
8.303518794285761,
8.195552457140371,
11.752552670570788,
6.9424191700380025,
11.44734560511508,
4.169271142640571,
16.10525070889,
9.584692185896175,
8.496177818505455,
6.274062294386374,
5.811826410778504,
4.256141308887203,
6.646259881728314,
12.107341081976523,
8.00956793888235,
2.7980056149653727,
7.964286489758841,
13.886320181282509,
14.344285150117669,
7.022657729082902,
8.724193012339615,
12.551623092634639,
12.077510174337517,
6.194551456858895,
4.75341368573492,
12.98924222573458,
17.250380993718206,
18.782617598017676,
16.00859507846345,
13.473800439786316,
10.234457259090268,
2.83475162260485,
6.62307054008224,
15.24495769845889,
17.171035986646668,
10.7647002013772,
8.798950636670014,
9.982057418877007,
16.18494678477853,
18.412309658377172,
10.549665426436848,
0.4445218071300493,
6.728464043338718,
11.492726337759661,
12.366292051179613,
7.481075304769362,
5.904715976077275,
1.7202172251485575,
10.99654796477601,
13.270141065565557,
6.519448475143207,
16.902740495245176,
9.109524771635305,
11.26918291984016,
21.35753797873183,
20.14512299281081,
16.146337451535974,
6.3063962183219076,
2.3160585541139924,
4.517447129994567,
11.225204642378651,
7.892194444508643,
12.303177712714735,
15.120479291384408,
8.765761212217852,
3.6052293525408077,
15.253290430568665,
17.04423753118882,
9.413281027983139,
5.239162934035894,
12.943387523424919,
16.933804617160767,
5.223923296695299,
11.2381575278448,
11.929343833038608,
4.848331547197317,
17.102392389595916,
15.98817329943178,
17.346144188771753,
16.060700468533184,
4.870139071473874,
7.134574869511966,
2.6507626082389146,
19.831743717107056,
28.866286799365106,
21.916391738674157,
13.172011402642298,
9.160450548509246,
7.733334867146867,
11.674277754600539,
20.22273322734671,
18.629314806429196,
2.297649061702826,
13.50519623820925,
12.842202698159998,
8.617266528326214,
15.719698811184744,
12.08384858152929,
2.2746765716215944,
5.714179666295575,
10.492853632653924,
13.799093489124537,
13.784257779536453,
10.867863013655239,
10.814712478607472,
17.16193411792224,
26.26799358061453,
27.959731604136458,
16.471746086073434,
10.902331895500609,
15.031894907115912,
13.525527786377193,
14.883898280206676,
6.4693968204901084,
7.424491329131093,
13.646841364368727,
13.727372283172983,
13.332039016680053,
10.148499575327754,
14.102301299181631,
18.40053958560205,
8.503415204365478,
6.484189443610147,
9.410355533815409,
7.264926432692455,
6.959738457183849,
4.725986258358737,
6.686110831919285,
6.465669567738856,
12.157873242477848,
9.72258039220304,
15.023619185331933,
15.993360696631687,
4.205767389734124,
10.41741674126447,
7.15276671722614,
15.202380821983786,
17.160398695368265,
7.955813991025636,
5.192672439661184,
3.104499821276242,
11.039039094682712,
13.203340757989926,
7.60723601710815,
5.201650998278723,
5.278385960385577,
14.30480320181035,
14.396223027474399,
13.764598212700122,
13.297107468246,
11.515530352945547,
19.014635162693573,
11.352432784269864,
15.881409100601108,
17.79417352192073,
3.849974520795936,
6.757133340806253,
9.141559633673655,
32.58625630802465,
35.49226356483376,
16.17831781819953,
12.47268152009197,
6.404320304514073,
15.496166848063138,
21.37998511642508,
7.5833283870390735,
10.160785077858634,
11.106541731230209,
7.174604595041502,
14.776386612747269,
10.458032430372823,
3.7555840975410026,
8.471432333465838,
8.943731275061554,
5.48168959074417,
2.159263350928257,
5.751406796865439,
11.217155719329654,
14.874988476506813,
9.72402552185533,
2.9789851959813176,
5.210869883825817,
3.7870259165811353,
3.255189886077023,
4.972853470596047,
6.2498011110153175,
10.302016805397681,
7.8723593443671325,
4.114696183153342,
9.138696167307254,
8.430992515078374,
8.03299255997955,
14.728849912051585,
19.77072865516558,
7.7513565108335545,
9.428720014179813,
8.221233442142541,
9.181489255423855,
15.35830303474326,
3.7883080110524245,
9.325142951400304,
9.671202497659493,
19.111362054364978,
12.811815002991372,
6.760871632795175,
9.235394519724784,
10.74244723435872,
17.728707628980423,
17.873726329020798,
9.498312914249139,
11.296344006071047,
11.93748630164944,
5.380832896400083,
19.227751852896088,
21.815260649956294,
18.203119119572666,
17.429664570924487,
17.41957956239847,
10.06550285847514,
15.55620745526704,
28.47132530453072,
24.879463853070245,
12.663346917877435,
6.794253462189527,
8.322564943509454,
14.129412407079938,
17.377343579605323,
9.804232433297168,
8.223763913027554,
5.401746650715256,
11.418048844089324,
6.673016425719683,
16.753440254759003,
26.293668230472058,
12.56018290175998,
14.721386705278931,
15.182677345518561,
21.93901347703246,
18.784398199425752,
10.83028623174325,
21.12799840897117,
24.507275558666777,
16.589164117373603,
5.2339337847040674,
6.988114294857625,
12.020466677580584,
16.0597970662671,
22.756335163107746,
14.974379775159017,
5.537978551264407,
7.695280308767722,
23.607622714697843,
25.737613421945767,
9.540403771929324,
6.575648854548082,
6.898996927620661,
10.910137175358035,
5.831106860060846,
2.9356956838096493,
6.212531855910992,
9.08095412097963,
13.474583154525103,
10.047467997104228,
13.37646866506297,
21.190336985381958,
9.472415447343652,
15.765822936788638,
35.16720643777925,
28.102572472782317,
13.602310199883261,
38.51355179770558,
27.06546878671713,
6.335775905287136,
20.614997200832384,
12.35516692841021,
5.265134335583743,
10.800476060538182,
12.678822996181879,
11.610726719785704,
19.315900548930163,
8.36846160035706,
16.2266686210067,
9.92744064129002,
29.716433546520246,
29.474518060565867,
18.158405819611392,
13.364430513199013,
15.193858977091661,
26.386283235523837,
17.73454815191991,
7.211619384226895,
3.5166881184217473,
4.950767899013914,
13.577579215272518,
15.867241601172,
9.951660516639057,
7.918141472651515,
10.810908991937266,
14.135138988252683,
17.485900202319264,
17.837074887329596,
16.14749209437573,
11.543810876375083,
3.887674575281394,
6.022394385016777,
6.140636682733142,
12.528841285848273,
19.70695603105457,
12.539821984877145,
5.819766452412687,
10.57493986282648,
4.467857293761356,
4.40705267224948,
11.962996204034543,
18.538538533272636,
20.790118829701264,
20.106521025165677,
12.931531283047535,
5.977286634604203,
6.365111215221648,
5.636690200819945,
5.060295263996522,
9.048345960365253,
16.067291842663614,
16.80713275977451,
15.051364295371492,
14.52720124142843,
17.459311330661613,
19.161008391266353,
11.336280072312906,
1.803476582246907,
5.925800279635649,
11.18598882979504,
10.871228977398998,
8.973203110897794,
12.354829904194236,
16.888574470415403,
14.90870349313696,
4.510334417568776,
9.026726184754922,
4.931063479624571,
13.112761429730957,
22.71277775570011,
15.145316738286779,
8.804754952261753,
8.269968111115674,
7.194420221232764,
8.74801499535089,
5.1148185065345135,
7.116112377414882,
17.43170752918755,
20.25296870024763,
23.456514040440098,
21.943373678899807,
17.27556314386549,
16.522327861178322,
10.718890320810067,
7.08518703072048,
16.521537123119607,
23.090073700043902,
29.276963032392626,
32.50105050623862,
20.150124555380465,
4.330119495346758,
4.435992112095435,
11.659634585550538,
18.625825100636774,
10.628503239582619,
3.7560825504234665,
7.715488318667478,
17.906875951910177,
22.91001447912976,
24.803838959971156,
15.85856360105568,
16.83110148643694,
15.565891516765692,
9.5910888670876,
12.714226156858098,
18.39194219297985,
8.774670940416984,
8.546041615682192,
7.909024807365255,
7.04945911661242,
2.5237887153213583,
15.743113068581046,
8.321766998863632,
11.239264563737319,
13.04497807071145,
15.844555724371137,
18.584945677081308,
8.70263947737912,
18.576201086711635,
9.955572185792509,
8.851224791567589,
6.356928914725155,
21.594710445876114,
22.56609114089598,
12.804436571693135,
4.005385365296696,
2.9852376184179334,
9.58111339535771,
19.370639803860932,
12.88043101008674,
0.4079303149786075,
3.86267219923457,
10.479738962532114,
23.21354199136142,
34.545934367201895,
25.852784328828676,
5.874665844516001,
9.373542796063493,
17.25453304342974,
23.98687167487627,
16.564859083092273,
13.591294583102933,
8.213976344422099,
6.606204474623114,
9.335460198053946,
24.56012010770651,
22.59219319877748,
11.041108388167768,
2.254091350572973,
15.89981035633106,
22.944151515787595,
9.205034631907557,
11.635898852150822,
8.192731466175461,
3.688960254677451,
3.489875797119529,
19.04855840334848,
22.796046699593795,
15.95412848970065,
17.090504410606894,
9.110469984388944,
7.5502705870397,
14.723650017894169,
16.735463085510535,
8.823822989477137,
6.892027972367655,
6.902518513070307,
17.017494159783396,
6.839186542438457,
13.667923309201168,
15.649195399224553,
2.2069961346328983,
7.035167577104684,
5.992255474840286,
1.3095057472901557,
14.81800965015769,
20.408244357632523,
11.134068955598092,
24.832329636134975,
21.88329651653137,
9.590908530442828,
17.237593985880984,
15.59442415638729,
11.94695018510668,
12.543067387124863,
7.069711291904159,
5.454090460620643,
13.893599230316688,
11.142549681832175,
10.592025977804939,
11.635428574468982,
8.458825759729118,
17.191984782515213,
23.18853901533386,
24.934936167537476,
16.580579051938702,
21.664886604010597,
20.238963870868186,
4.440479880751808,
23.32420240458676,
14.37742246922199,
12.233197953602842,
18.72702381884475,
13.131019871470011,
20.65023362869914,
11.775591641561213,
5.183987727038981,
9.555988837034176,
3.6739089949840675,
3.3175125345651733,
1.5302018085810551,
3.0993181486184955,
11.027586119018785,
12.42398078303236,
8.202186266464537,
8.182178093000328,
3.665998108291309,
3.5831983443321134,
1.7133014265356858,
5.06582387007164,
10.34897682433037,
9.61974613625738,
5.848317312804454,
5.67312375478817,
14.578172231193623,
12.278440831095498,
12.06365917991443,
24.628593866506357,
14.138025637889951,
9.355487951442248,
6.000871713444864,
15.90047736156156,
23.398167709546573,
5.582820913701994,
19.67467133662391,
22.177972674677925,
17.367574719209024,
9.422636433510588,
10.932473108082158,
20.59006290158461,
16.928441745333128,
14.27930377951991,
6.566070263419052,
7.998853518929221,
7.931684077509108,
8.246984710103265,
6.174131509917391,
8.529126661163648,
17.925283678777806,
12.052824119091127,
8.134528622925316,
21.023566432634407,
20.65042356727032,
9.895550646709491,
9.032009596463661,
8.070008710098978,
7.837872135146525,
7.823669655676039,
4.6921371755024115,
7.5784726885703435,
8.00311835892145,
4.505098361832627,
13.433612506526563,
10.009202636902177,
14.049325765541955,
22.79984480214301,
15.33389351152733,
4.489268240099252,
2.585582282795215,
2.625510175791008,
10.238817254265912,
17.915100699663203,
13.888656643653405,
8.23906464414274,
13.785781066195806,
10.04765096034157,
3.96116573445388,
2.349711137735326,
5.019995055802385,
3.5281333477363246,
9.186434539374527,
14.73563823277617,
10.614676880096466,
14.598410740972422,
20.596181325719066,
7.354608510247451,
11.435673205964573,
10.527491545859789,
6.753932315508482,
12.72338998509925,
3.5814778947174353,
8.927839953702422,
2.048070818932309,
12.918695004102293,
15.657956968747659,
6.680272761941406,
10.074474772775979,
9.550966441704416,
2.007996195620969,
4.877674470929545,
2.3101126577869247,
8.355653133105971,
12.066777016835966,
8.585112770429111,
7.192841751533628,
6.761816388863555,
3.198711709127314,
1.0551734450986134,
5.307645927896127,
12.021435489197277,
14.998058396051782,
9.855681014378476,
1.8279415486451038,
6.633841843894859,
10.08135747123891,
10.166339553746768,
5.78402197397004,
11.810121416518939,
15.173099879388579,
14.663844445333407,
16.84440519423772,
14.005977802412069,
8.067414920560104,
5.558992539671315,
5.730817973981586,
10.090787047598475,
7.286264104890072,
5.9212714333594425,
5.151305979934088,
13.501737672142772,
15.046366922746008,
13.236033504193806,
10.075740320741694,
9.530060447730834,
6.050528743373915,
10.026783298705572,
13.349401763098754,
6.536152264869254,
3.279746424129505,
6.0849332007801324,
12.376170762405236,
9.212527645498158,
17.124658015818124,
19.103516626043227,
7.010962418605063,
22.508322861382915,
24.831341053157164,
9.295666726317036,
4.100923722918943,
6.5143282106403735,
8.818960953232683,
6.88133195829285,
21.414899947766095,
29.510524465930683,
17.7647931396763,
2.6527847068237884,
9.47729377238249,
8.821275551960083,
14.97278572279164,
11.596925483067725,
6.935266482584942,
11.194617276851064,
12.835930354826042,
14.625895618503757,
12.379927041334291,
5.9419284950323785,
11.108662393011917,
6.686660140734674,
3.2243958041100877,
4.992735330739225,
11.45164925807893,
6.063133249004611,
5.843428768082901,
5.598524190566605,
9.246626247789935,
16.020524500690325,
20.05366406006322,
16.677564498339883,
5.382915159342792,
20.478148943535274,
13.028689857453204,
10.230521570349008,
11.185867389492003,
1.5532463465844555,
4.710335775704293,
8.945709099185294,
11.716452610851821,
12.544409486667252,
9.31463597601435,
1.0819665263079177,
5.620450882841542,
10.523487834715013,
6.382957381095924,
9.631822574188181,
19.832699073414243,
15.27228960955292,
9.733932415199947,
9.66834846231814,
10.672397040941311,
6.740139631513458,
3.753258232765256,
3.759505772673797,
6.07739408830897,
9.492403870236222,
9.311472053599529,
2.0247241920568513,
12.127697272392554,
14.798514954606794,
2.427688931281576,
13.143872839704223,
14.607964307956575,
8.622969409717962,
11.13447609085701,
8.607117961899988,
0.735979484163921,
8.830849326614365,
13.67442672414962,
13.373587619732735,
9.797578011223752,
6.571830172790429,
5.189694689195904,
5.8397037183572955,
7.108670148921212,
4.572890434098091,
6.598930551496521,
9.723756955396347,
2.9799825304997167,
6.160222852821576,
6.590347126244781,
4.29933019062168,
8.42220739840312,
4.114971054741738,
7.161044084919101,
15.591612167952567,
13.296933005360394,
5.104444796170638,
2.1306031492694486,
3.726738661671462,
1.0087712373563793,
8.743124448207727,
12.315226452845495,
4.133869691558053,
6.471311654127825,
5.752310792230405,
9.232771116689126,
14.330579694344058,
8.139379129469516,
8.508502331491137,
7.662497264597506,
4.7307827858530445,
2.3857647737674648,
9.892393577899153,
16.799042497775602,
15.573031341302093,
8.220656227002006,
1.9174277329833869,
3.2652291924767414,
5.8339620634677525,
9.018081611836404,
2.2154297003021215,
3.630564785933899,
2.862357145537316,
9.057163509499288,
6.068029848085953,
5.396736170981876,
4.142307078911783,
6.781822687722249,
1.442575599021856,
11.467986658439337,
11.443387138955575,
12.131055881135346,
10.0970510606415,
1.4757706826378678,
4.620642479451793,
7.039830185785692,
10.468401745123844,
7.967186261412343,
9.950433504301694,
5.839475838831444,
10.270997508536224,
8.530680804447192,
13.85017793436293,
12.36972967707123,
11.761132267087753,
15.755236611599615,
10.824779450938824,
4.516806388430171,
5.416736167840774,
7.306772957934536,
7.015799175300662,
4.062839150587487,
4.111082666773533,
5.651708099760808,
3.781420826790716,
11.378911808817804,
9.736835667445282,
1.6261303614546352,
5.091780574151298,
7.256277253350869,
10.92441305785316,
12.677392703322665,
6.39834750380925,
5.866050901164067,
8.16708763069388,
3.102445289038702,
6.1755096175931286,
2.5631235396156873,
3.2331558254375166,
1.5964650621907697,
4.019129802975922,
6.871484385547689,
5.306834449581996,
0.5688491504232427,
7.662233346741912,
11.918757167772684,
8.443726528341958,
7.435830230827369,
6.673645209218872,
9.244115324718,
9.919957227926798,
1.319245373485925,
8.749602114452102,
2.9069637020516876,
8.690431524365064,
14.265390377193516,
17.4778425929217,
9.292126839073529,
8.725453207559568,
5.783234257436942,
11.351495556398781,
17.30394533583113,
10.492362944113069,
10.441644662935746,
15.631758335820015,
11.208337307328016,
8.120415739972287,
14.933583730820937,
4.886911265977394,
12.017157960713927,
14.01579636119557,
5.327040701209561,
14.5357573729803,
12.18887110439562,
14.478779789371703,
7.666441747806655,
12.162531138590472,
20.443346248358992,
9.402696243009887,
8.51492002868247,
15.282784212509737,
15.766045837920005,
12.441517859039546,
3.833775698058576,
9.476389074590296,
13.25823069699285,
7.6062734374129,
7.081683130974312,
7.079655882660861,
8.278075788940335,
6.340462297907054,
1.1532546101500825,
6.880660979400371,
5.925929164205075,
4.422762729427282,
10.802599240934752,
11.806648885558156,
6.007809799443878,
10.388850197444636,
17.714917690671523,
10.147542669201284,
4.888307117524152,
9.339135911036115,
5.979959121650904,
13.69604701321215,
18.450134506061755,
6.99502780864571,
9.195986069324617,
11.185906903161879,
12.179723505088337,
9.949315212867754,
4.701459535926399,
4.810127654466232,
14.420221886304473,
14.041536761114553,
12.350895517067238,
10.593075905086934,
12.330995280667445,
19.00091607902379,
9.988854602685214,
6.99034900472611,
14.04671844746992,
14.359973554685087,
9.637553499702447,
1.7463995476206773,
15.16509756139529,
18.832617786783572,
10.46109329260679,
2.3654270578104417,
3.5875007579764473,
5.823273472574383,
6.022224245485935,
11.106796064120202,
6.911903135987215,
5.186825634930721,
12.415358423691195,
9.056763573280874,
4.595669864708056,
8.475652094689307,
5.763173317963018,
4.477285615883179,
9.093626103520284,
8.496576058599675,
10.31620165559011,
11.87493424082241,
10.903058869429488,
9.639492367430986,
6.666709583421469,
4.219293108439723,
3.5527553810985264,
2.570326465388356,
2.5777087510246823,
9.690807979183095,
18.807572865125486,
20.9255115276191,
