205.86666666666665,
128.92189837656073,
50.62761805790169,
59.48403159177276,
24.483828028618767,
45.97736789579476,
16.237458526171505,
29.052595667718908,
4.240066153297562,
23.41365626933862,
11.140315807876624,
43.3395406697126,
25.002478349568023,
14.64864911719912,
22.77035172911763,
6.440516181931156,
5.9414841190058025,
16.788252052600026,
14.295336848543304,
6.329468709594194,
16.28778117510398,
19.17916757579539,
12.698296704956999,
17.830023963453247,
19.924030181037608,
23.48876766382504,
23.595185492931183,
18.310470900246404,
9.854714429901014,
6.400348821477819,
11.72478008127662,
19.414498348627728,
45.65462760624819,
47.928495525957096,
14.559491434844249,
25.070328485190778,
16.945161077216195,
16.652991639968924,
24.881387647722082,
7.408187647833773,
19.198766749333284,
13.744850559253534,
7.823191016730001,
21.548418833351572,
13.651103458401659,
15.178011044329061,
25.081551586702393,
13.728592253171366,
4.420483072683628,
10.212514317889381,
17.941618022498982,
3.9742268990422644,
26.889103558009595,
28.19474645965309,
26.39337554713456,
21.312512243880928,
6.981618937718808,
15.834481792234907,
15.435870179093206,
32.354435414478665,
31.135796479695497,
18.788139391544654,
11.375713048178792,
8.133820139932164,
5.048229655801023,
1.8084167803926232,
13.092293242081338,
26.63682914787444,
27.449106321624495,
20.07756407461064,
9.91972583766581,
4.361633753083658,
13.794530751826398,
22.536144566935764,
4.106932591459834,
27.269573730554782,
22.23813540847155,
13.243280506553377,
12.845120771449674,
15.475943945772617,
23.02837346034223,
16.581444869433945,
38.98310796111297,
21.40667561158415,
17.998747975218727,
19.551771036502014,
8.504914939267584,
24.97050704627628,
15.84164282611142,
7.603206818362322,
21.640722472244555,
15.254932240989401,
7.8290911542771005,
17.66207077626989,
13.09282234600371,
15.393411793497972,
13.969631734677247,
19.40871904326325,
19.705145683801703,
9.922898357597855,
17.791881476353296,
22.514197334538792,
11.816259163923593,
5.482869265687786,
12.598062975361549,
14.903018302066451,
23.27705585366889,
22.072298984294186,
14.134045627673657,
16.503902932221195,
25.131878574862366,
20.83968602764757,
9.918884580165056,
7.913785616673,
5.842281279776543,
6.604354324330612,
2.3861006654169374,
5.064204264654341,
9.435235216851934,
9.155533310146737,
6.26322139621448,
19.788948410130264,
21.786146720912548,
9.75975585455169,
25.053242620236517,
26.343688924701667,
9.711580659602525,
31.24269948642258,
27.132988008081362,
6.502687335199283,
4.205596578239676,
10.940538253225645,
12.353353272380884,
10.93151450129402,
8.198321556721258,
5.124424477059901,
9.380462076369614,
12.553923504759451,
11.95292256554144,
5.463653019650768,
17.235109298446766,
12.213897282851969,
6.534722426060858,
20.491630814610403,
21.008406083597055,
8.049092035501657,
22.62663389058046,
27.791918556808955,
12.857603713537426,
9.571621270026137,
12.304872770706034,
3.6760438950351713,
2.990269944465222,
5.557697020446263,
9.81764128362098,
16.185508153453373,
20.30848544535862,
9.788540352175346,
11.471276711427059,
20.341770659420522,
12.232208589053279,
8.281572071164161,
9.066014764435373,
2.8664365173221094,
19.583507401963075,
22.776045430900734,
8.44803455737602,
6.06484693284634,
10.106826269662642,
16.53245224266404,
4.345894886462351,
22.63626649661908,
22.11014063459919,
8.740564537292281,
18.50043634741181,
9.477297364509552,
3.1242909700887176,
13.176483572734394,
16.76509148749975,
4.225260227637636,
10.020370347877117,
12.401831053329264,
10.175418068199651,
4.645574839670194,
12.077324116019325,
6.876060279539965,
8.26775119211547,
12.056585892302557,
10.45403721778487,
14.400427381923564,
22.061998264699707,
22.042182145983748,
7.641854493818596,
15.526988793786984,
15.05511710642122,
15.444030431241112,
26.50912248793343,
25.064110308588113,
12.380007132075917,
1.5485062139652992,
1.9131134079818048,
10.225571266744641,
16.913053579940247,
17.48979164466428,
12.07873297458683,
8.987411673055588,
17.450187461282557,
13.506692732930473,
8.488808262218905,
11.734994532401029,
8.352011753277266,
5.551496168874432,
11.008506445574378,
5.618862100058864,
9.78210982793513,
16.02543749837748,
11.562069519366151,
5.128436825406329,
8.017007830357509,
6.639295069263091,
5.504493947042125,
8.141475322805348,
14.944480501259466,
22.67089837133346,
15.254567010039034,
5.467674198255768,
2.84617885583598,
8.169367178567265,
16.174727572878048,
17.0461218528424,
14.217161673387581,
6.27890843478163,
7.593380521495181,
7.521162261788593,
6.7720852835151,
12.353733454644722,
8.474730093226576,
7.641803734776209,
14.105611554498578,
9.010540243537138,
2.2206023319449844,
3.9485129919370148,
11.388528238078122,
21.775220936427488,
22.033277414882935,
11.5983093329403,
4.677109385323892,
14.022249979631583,
17.58971449426746,
12.544239119571605,
4.889528926258157,
10.203135574819562,
9.278525010527815,
0.575051723031836,
10.672750646953647,
5.04601284173127,
17.21409846622051,
26.530532611817055,
11.931033458424494,
6.16973499994511,
8.595968468442777,
10.932591748117806,
9.801613410460362,
13.12308173313325,
12.692516861983393,
2.6166887705126824,
3.800717249802507,
1.4287099428492425,
10.376309939516347,
13.009753827317352,
7.340453725374904,
11.054661616561242,
18.615983153933016,
17.70953602122787,
4.075337941202328,
22.386850836312036,
19.873366862434633,
3.544040034605461,
10.124732826638612,
13.558021035544009,
8.790561044504235,
6.6008468389334904,
10.49836496953862,
10.119487133070702,
9.72201792441239,
7.886680560097884,
12.85119465029028,
1.456128561303831,
9.7909154445882,
5.336471968621552,
3.536397368269704,
5.381173960162106,
3.6723079305371136,
8.314459702259041,
17.561620773938955,
13.313833652895672,
8.206362246500772,
4.174183458838996,
7.328068560468767,
9.48958638242079,
14.355966225347947,
18.795532111888296,
12.216938473280337,
3.723319146840673,
12.774121652459923,
8.113190144633327,
10.602571405148863,
13.787328269134196,
1.2902117618307765,
14.755954779209793,
18.932905745493496,
9.35123270225696,
5.565352924013169,
9.606277008323662,
3.4282106191714283,
6.385558991417638,
8.374271666582572,
5.199791886476491,
5.946449548628354,
11.277288950086445,
4.230447229765228,
7.3431070613131615,
6.089889840751547,
19.212914994448223,
23.054750618806523,
8.84797713106201,
14.018982554554144,
11.70620219263479,
13.290019499390755,
15.489545863277291,
13.581189374661612,
20.407015368194507,
21.68815765645675,
5.878956406877883,
22.382048917294426,
16.039137309764087,
11.422302640319131,
23.75810283287474,
16.117741854025976,
6.410445550659068,
9.17385850241562,
13.344224906596668,
22.107966551792344,
16.35791838273841,
13.245150207946908,
14.503496447271564,
5.570181655987254,
22.613117621237887,
20.731298783006448,
13.171924247831866,
12.71111526109704,
12.898323933935654,
10.337657911593991,
6.330776217185849,
20.657445708250545,
26.893919819865943,
12.377424569172891,
14.039902827968973,
17.347512595870068,
6.399366389901951,
21.34312621765097,
26.424020648493592,
10.965772243772573,
15.187682290617337,
16.6641333998232,
6.532144521469995,
13.7342485011464,
7.577839930442454,
5.353687879129316,
8.78515477619896,
4.263644801767079,
7.897144769642827,
9.770752727192912,
9.634163493187762,
11.284264487539312,
11.79911825385821,
10.519894970102456,
9.077460723920492,
4.20400332129655,
6.845286471020689,
8.029374731210375,
12.910643704586692,
7.76281944698175,
9.039839953259884,
12.264410639667522,
8.836144256453277,
6.314298481551899,
4.716286511924621,
9.0582995194494,
10.832716654079842,
4.585735768582197,
12.850405812267685,
13.380562146382125,
13.023351576718701,
33.243651398829456,
21.933407137073154,
10.098102777247075,
28.047148789221644,
22.914713845558317,
10.626281048817107,
12.889287163803814,
13.340706037103992,
13.756468278533015,
12.216025938463979,
4.963489353696756,
3.3411779151666186,
5.332332066892764,
3.936314127000888,
3.4007535316298836,
7.247945766741302,
7.123533470931699,
1.318172478783436,
13.639142760082127,
22.37045878452233,
17.10825280841868,
8.09444432820052,
6.523543278020476,
7.958996195119636,
5.851775867283217,
4.902325806214815,
2.4941892634386145,
3.8431953414296545,
5.866866725992036,
4.144983028332518,
2.721244184451383,
4.149192179222812,
10.803830380750865,
13.404305663910081,
12.056263801114795,
15.957054824672266,
19.442181332145054,
15.502607966864476,
6.213663593301704,
3.2366318956484266,
2.5858268736160053,
4.322424592055719,
7.4494543878033355,
6.445360350517688,
6.507207560776465,
8.975715679947875,
8.857736707883111,
7.02361165282975,
7.65206822584246,
11.762388547493345,
14.636801314203343,
10.047957611445453,
7.966607663563403,
7.879204073249779,
8.221338556500152,
12.439931959434318,
21.301895884328804,
11.469759185659877,
13.122226890383171,
19.789247228352714,
11.106413200320544,
16.57856006191871,
8.537147871202132,
6.237083865068273,
13.053873254694842,
20.631484024949632,
20.5807415280842,
6.000499580784012,
10.689809519676784,
14.01355771552257,
6.231023043921984,
9.403372812152176,
9.79268539732475,
6.14465088593835,
14.03411044052031,
16.070591381817046,
5.351736612106064,
4.70312338127968,
5.562500784943062,
6.260053587780968,
10.205004053840078,
5.211201575066491,
18.17034369782521,
28.22006269586709,
11.306957757932125,
16.608472883009615,
16.59069858620484,
8.337399523051342,
16.636761243229547,
7.281948541706459,
5.060520192772216,
8.27530951028977,
3.1320745467189215,
5.866570499127242,
8.13006495039703,
12.331575398237748,
6.370295890920786,
10.342843101383643,
16.523558883713086,
7.414044810018189,
9.345475708041997,
5.95347144727068,
5.857160940974861,
8.470724499693935,
11.060853389016485,
12.224818821738483,
6.966023721278703,
12.387632204244367,
9.771848887563454,
10.235921317486488,
18.419270940998665,
6.053605549494622,
16.61703191392831,
14.256845950883267,
1.728552095708743,
6.651067627059184,
9.429190806815702,
7.10851890905603,
10.071132935276736,
22.169123078445775,
14.178330049858799,
7.758052758340809,
13.661282194507068,
9.418531751913404,
9.724642563993545,
4.561085554496463,
4.391493482583736,
8.588134996189382,
6.069622709776958,
7.382613537819055,
10.078838322130753,
9.133809684390327,
13.278013953177618,
8.39653782785893,
3.3343079942818226,
4.639962871645072,
9.809726743541294,
7.825398970516256,
1.9673560972277313,
2.9235579908610854,
4.330140383318707,
2.680859769971856,
6.321134696954884,
6.4682348151447515,
2.8443386988127797,
13.925559179402766,
18.641877052154516,
9.235479079568076,
13.31697324024819,
16.569936153270827,
8.229532294638592,
12.647746650835293,
8.210775638311658,
10.493732937896043,
4.082637713442651,
12.551198780065207,
9.199023629624644,
11.735012929142197,
10.570864575400464,
0.7430871289463656,
3.4766197048396363,
8.967632545082182,
13.467941296707355,
6.254453302098226,
6.095625196760856,
12.739591924510185,
8.52429473212762,
3.235661890166005,
8.576058862633449,
15.805369660354605,
26.04964507086537,
18.394385235017747,
3.78619749690042,
15.952249684779048,
16.987786332682592,
11.652878835352006,
3.0812082030554224,
15.775718239074648,
10.510810664895851,
6.115547611040753,
10.295363650278214,
2.5469663404838574,
6.2687753623548526,
3.784652236746169,
8.569143098129043,
5.9805461633109,
2.900240284520941,
2.8021762006224615,
5.420015848902955,
0.8139589226982777,
9.909547067760817,
14.636990955568043,
11.783901260719066,
9.707429001405076,
5.948764672837778,
2.7180856106386497,
6.565251078052058,
3.170220293117302,
3.2355532455194598,
6.887633148485683,
9.045030261917926,
6.328343632735815,
6.096556857441441,
15.293545270447408,
9.678945152421742,
10.811623383854343,
14.565098010019918,
3.3040854831987296,
7.335229928064169,
3.984631165041874,
8.890687334186358,
9.164460695373254,
2.251575407306268,
6.2048323257163505,
8.035455036709463,
6.400406060387756,
5.7368123902518775,
9.16483147347415,
8.664297068873962,
3.7767645302886432,
1.1389271034077835,
1.745287257277641,
4.622034718808442,
10.646785800451024,
8.151983862432289,
5.997326091688225,
11.475867230231755,
5.806058048488425,
9.125250935584729,
6.035785153791129,
3.3981235607589166,
1.5870460517303222,
7.230312891185267,
10.347704080100801,
11.379991930867433,
8.777122158107355,
7.861575690557094,
1.94104849075125,
9.493884566208585,
8.744730141953747,
1.7030670257773808,
4.564907947818946,
1.2745828201215113,
2.5830854188933747,
6.233460176042181,
8.99037025507775,
2.4891215794872474,
7.354939033414793,
7.66220835068952,
4.856905807345604,
6.026843581000758,
13.70072499168159,
11.852035938287637,
2.9207185581650617,
7.340799442656477,
10.561378626800165,
7.66478145156655,
6.085380391992416,
1.2359815433181407,
7.815046204677271,
10.544287990096034,
8.495997966525568,
5.559142449294906,
2.7083709553768167,
2.412759356908599,
7.413383910767852,
7.476770026055195,
6.055151325578599,
16.230559930706228,
16.571398715928723,
5.062140436753341,
13.241235703816766,
9.48237920464104,
7.254593343768837,
15.477872669293527,
10.623196243996224,
4.922310637434824,
12.392004269674286,
10.131503491614877,
5.307966585931375,
8.911750266172113,
5.418684275491529,
4.342055769283319,
5.050387240784968,
5.555755088025226,
5.915686070189663,
5.6932589065289205,
11.07902311603444,
9.740383480859768,
4.675923826103485,
12.997653168218026,
9.52330852290834,
1.13006872537204,
7.283624085036099,
8.665618181193448,
4.24049868423806,
3.1699005989705435,
7.027207899421188,
10.82110171890224,
11.146456912972972,
8.484614908414494,
13.724265694607954,
9.165495674949389,
4.0189235937380445,
9.563133548870162,
11.67456763016828,
10.149886846647945,
3.4226964004269376,
13.004779899277594,
8.993586255457682,
15.42289622839637,
13.044989025211045,
6.791473623043412,
16.854845246213664,
17.33426437592828,
7.97528247932448,
3.3130459898448743,
3.3626310703959605,
9.102217953503107,
18.658615236683794,
16.476856007161082,
10.397871659392752,
13.568431022239192,
9.896770695626556,
13.002943711484361,
17.929574815682315,
14.278628203106345,
6.9754959453591265,
12.614937919796553,
14.135629971941919,
8.595392947378498,
6.215666188180897,
5.496739661179305,
8.89474975107515,
7.979177458474569,
5.891698336047037,
5.979006421523443,
6.491101761457962,
7.816740839782206,
5.952929267434681,
3.5647228154813986,
12.070388889054229,
12.063354238358693,
5.090602448596062,
3.3394510789965572,
7.916939342945294,
13.477903646882087,
15.697144907647758,
13.101108916887101,
7.4819519782872215,
4.987699205159288,
14.04141984894962,
10.64738158235401,
7.887574376037395,
11.458220690984497,
8.031884590899677,
16.53834422193846,
15.937804667176787,
5.856002441015962,
9.861226332453194,
6.936445766924595,
7.9718168506346725,
7.667080553180656,
7.3540352067926404,
7.671425524220502,
4.470532205278073,
5.106011575327701,
6.240964303726675,
8.124219944289631,
18.376690115964237,
9.625859749554655,
11.484987891552493,
17.562923595476914,
15.708676489925997,
14.232130935583044,
26.377651093209483,
19.187196019102746,
8.160336144843049,
17.310845835193565,
6.637127098016735,
7.113979469677766,
8.17156915384646,
6.540059992836069,
2.31597778476073,
4.6234272702937105,
6.45286546033835,
3.1291561484656065,
15.310027744525255,
11.722047322052221,
4.915730828855421,
10.830525801275684,
6.189468580250473,
11.316946275615326,
5.628692199378306,
7.943253252623515,
10.546597097305103,
10.108742673361654,
4.226216501350064,
11.006400146212897,
4.962037645237682,
10.480536075513918,
15.926313371443907,
19.316683004419932,
14.980425629827828,
4.214370168413625,
7.621392944439319,
13.013324073447912,
8.697282910507296,
11.384381431978381,
21.009403893190893,
14.338707067808164,
3.755275982804099,
15.154995518830932,
9.364813298933019,
13.647050195351632,
25.40685141603942,
16.752127297527615,
8.05427032695691,
16.081263848781166,
4.211538562993843,
10.533020813384585,
4.844932908174394,
7.715116570421704,
10.069515999858286,
13.347748371668663,
8.73087530774836,
3.843700397445914,
6.350793322217403,
9.788587449056465,
10.970512364518788,
5.90420901122384,
11.237442438582878,
1.540876107369489,
15.06963749170095,
19.88461801767003,
9.583625226812648,
11.20332492766684,
10.162990245035404,
11.665670234315167,
22.602816071696754,
16.408891658959565,
2.671638281147837,
10.48976927566419,
8.984990841182189,
9.795398026947028,
4.265602810376301,
6.2541142571496,
4.603979070972659,
1.6035921428354416,
5.946830351829035,
16.1643562470937,
8.82998395029682,
13.004278489450938,
21.32069805933611,
10.569759695610534,
3.863299490465377,
11.920512685246916,
14.841251261137064,
7.837704969848569,
21.66759103696676,
18.16553295326922,
3.6151547764973513,
3.76737814525508,
6.0405170247913516,
7.0649465870518515,
1.6336412491716832,
2.18601140807471,
2.0274005562570396,
4.863993381110961,
7.331368189135087,
14.461040110481402,
11.087806616354786,
5.397755922713138,
13.839032371416655,
3.8834621432192162,
13.866691716306057,
10.233285272589677,
2.7041487067141676,
3.38291808478971,
6.483369228153751,
5.147767769197608,
6.608300787221069,
12.337740757557292,
10.579642325550394,
7.706065472634828,
11.52353771658097,
9.458687970806121,
3.331871771571075,
7.034655924785801,
5.478897199693423,
7.602782412036118,
8.340016483973624,
17.465250425093107,
7.223491038445153,
13.284073498649438,
14.578096266928094,
10.618335080666174,
9.798783753043654,
4.688898303123773,
11.416854989648058,
9.660218277268045,
10.576775840959577,
13.972425245495144,
11.321224087837786,
4.5949891006846215,
9.093600092114764,
14.54466716000419,
10.767343103985434,
2.1389846042812644,
10.590406482981468,
4.9768567668213874,
10.621896426780218,
13.11702506629954,
6.422694413149801,
11.840594381373055,
2.8522669399642195,
8.412596970660852,
5.499726060524265,
7.785889769979381,
5.825608572312377,
7.261967634200515,
11.039251291146767,
6.826216676193919,
5.436715314407828,
6.897219840308373,
4.789781203628972,
14.809563772964458,
10.461026839471884,
6.631440913076027,
8.222807907412127,
7.424737268311293,
14.174169438547015,
3.5978761817607903,
16.126559317047438,
9.643041120334209,
13.270034972264042,
17.21144055561129,
5.409461498137677,
3.8190895355346632,
2.112143412574701,
6.985996590229289,
1.8352500215168825,
6.6001842108662485,
6.881253499862575,
2.768021217934342,
8.713641885204577,
11.571088489637516,
12.841103643424434,
12.186978840061542,
8.58469223662433,
6.705861057328559,
10.529903390637967,
8.696522710048988,
2.2691382295974587,
4.79654020798603,
10.275254029012057,
9.597624060090913,
5.866203833449975,
11.265876863873702,
8.572640306278512,
5.171958098975311,
14.213699820061986,
14.143894379043354,
3.9382395750234767,
7.8790007282026675,
3.307761223557109,
10.40243779002201,
7.588734435081666,
13.449504621128265,
10.996434582786701,
6.313523034754427,
10.810068476188013,
6.95372994063344,
11.621699325030589,
16.896330103778283,
12.808992654973386,
7.61367905160355,
2.851338566288824,
10.770961963429782,
16.445071962063775,
13.624717835130717,
12.639607044950775,
7.376200632268404,
2.151287266782943,
6.2662701576209345,
10.531397518913202,
8.868701987042767,
5.901881891144832,
16.33902214012311,
12.019714892736575,
9.645487475856209,
14.327960101666259,
2.534099186351877,
15.174017740633369,
10.702156623972561,
6.641568138367243,
13.310484583027232,
13.61753946814981,
3.2186644513356293,
11.800761311521555,
11.461812409646658,
9.955560312962435,
12.79790184930524,
6.026400311118056,
6.101166604152549,
8.443220685452474,
7.755006175185838,
7.716290425632847,
13.69183820781731,
16.456033702554166,
8.456765568561055,
4.644727101423748,
6.6881486202596285,
8.51752433740605,
13.314710299761499,
9.143581760572872,
2.26290564514825,
3.7056565324073483,
11.442130688005003,
10.998197895826399,
7.528801445719582,
11.293593800719059,
9.382845118297933,
14.63625035617742,
9.644396545392526,
13.776559736376727,
22.233870433776055,
14.868850707994124,
15.814041699928229,
19.546556707170353,
4.533776670448015,
15.037410352155419,
12.93625178491878,
5.084447879851599,
7.976985595985253,
4.624950597722359,
2.39553064968974,
8.082404157187499,
11.057205592294409,
11.248221940732373,
3.476629584585853,
12.699235211462453,
16.68480280143089,
15.605014500598385,
7.3584744719268045,
0.4855009221632677,
9.185107189351422,
22.01250404212611,
15.780856229905865,
3.4566366587877972,
7.337728587575317,
7.7557310421063494,
9.849742109839127,
10.138657895014898,
18.036084304522742,
0.7484341135881986,
19.670743608703287,
13.464238874591882,
10.648827981971726,
14.1204539938753,
7.0418462524976215,
18.887114076848455,
13.318836990802641,
2.898398745350474,
3.403534379659273,
14.413236784163725,
23.517634009188995,
11.87747687742966,
14.493260442397984,
22.19778262480075,
13.075507342103858,
4.38559429341028,
7.837361506484806,
12.793192727470375,
18.21891820893632,
14.864900295416563,
4.5216180784796824,
10.734804481122074,
6.5764656627265365,
16.874670061023547,
14.843713713045656,
10.181347124471746,
16.36651374540772,
17.683840869286595,
9.324936135878895,
3.055273844496265,
1.9593329983898038,
8.964110544106893,
11.670017350559013,
3.5381485153951173,
5.244409610065685,
3.14204546715262,
10.696136102656636,
10.914387963125654,
2.8840789405082163,
6.518047137450324,
9.475687598492176,
6.4540056472122,
7.957888461435391,
7.66722807954702,
9.175755818647042,
14.656131414038619,
8.342904624590261,
5.30644980285747,
9.544090445789221,
4.024131470189205,
6.472274376257327,
12.7153119145781,
9.540531190371713,
6.108926833464026,
6.293576492022149,
9.964595069140763,
6.120146217685722,
7.872522092562396,
9.190531573248276,
5.051333400963204,
15.429420689667218,
6.747757985131947,
11.328880094547252,
20.02617368948199,
16.717372849376186,
8.261957614236904,
13.298901883798777,
13.011472541213793,
6.1181506614844405,
16.642961236796907,
21.152403603642206,
12.920236336361222,
5.725411362972004,
18.739781340480192,
13.561860725016992,
8.355758846332144,
19.089998414001666,
19.094580991402456,
13.494868513100393,
5.224938582759231,
8.098216082781008,
14.005481227944369,
6.022391872624221,
7.895559928648854,
8.180960214210867,
6.627970380112373,
11.477522055074854,
0.4465067922395329,
13.801765695868022,
12.425866112781883,
0.19130718545191927,
7.272116882639791,
4.7605627048405985,
2.2667051763973403,
8.026767504756144,
12.631598305285245,
12.512830662900159,
10.017844862542503,
8.468735533603105,
7.7001756696524115,
12.561857797352756,
11.698891900457001,
1.6152220900865877,
11.89171775690465,
10.749265239949985,
9.427750708160051,
12.57837480410613,
4.597388845105019,
6.237272633227399,
8.465397254581534,
4.41966546544135,
0.8234718383843729,
7.466665863023118,
9.807827953412962,
8.57556739332685,
11.901655493219545,
10.967072151810369,
7.350549317737154,
2.3474244102193302,
10.163728872999906,
9.102403145998021,
5.587799337379615,
2.598425237371148,
9.710503698314012,
16.482508421883153,
13.549192950865525,
11.996059264219966,
4.90015065357961,
5.564397528021897,
6.977314399686705,
7.411714934316243,
7.9826635338798795,
6.859808223385945,
4.442863507555851,
4.785163111581397,
10.990351724916303,
8.519241695869226,
4.479648664879297,
4.728695473554878,
6.608668104911109,
8.48921013061404,
7.774537825490048,
5.248450654901351,
6.158432866792098,
7.778765696127512,
5.801172089641771,
6.338730393814521,
12.647901955482796,
13.673696970384027,
8.218865255298383,
4.400230980772912,
7.348173717054564,
0.7116312912748007,
8.308143952814552,
6.691854532428679,
9.982475362062504,
18.380940352359392,
12.345301027384975,
4.623083350674944,
11.884079759413545,
13.042812107026702,
7.561202072413842,
8.634947443020854,
18.888575868484054,
14.0356214212615,
1.1660773822247403,
9.438518895859968,
9.659983512468317,
10.213864667728966,
11.096072884427612,
8.127749073250696,
5.960987161442148,
11.393742602812797,
12.238337709485483,
4.703177247153095,
13.610228729363348,
12.420721687365717,
5.557631066441306,
8.13944622249779,
9.67855024129733,
6.027013287077532,
5.086939603546861,
9.384318758179413,
1.2266448541228674,
13.982392011288994,
16.17894844634788,
9.487661344409712,
4.079079715436866,
4.351529687922748,
8.187772776999847,
8.304353402675053,
5.185755095197493,
11.565506840642295,
19.19360349605918,
12.627712025470645,
3.158694147865877,
7.322996819605424,
15.510991233785989,
19.067973580614165,
4.952444998504655,
12.72953012730449,
16.23647691991859,
8.994555178650556,
5.498748940404843,
1.6446355869236242,
1.8989158556752836,
6.814343044950384,
10.667223797135348,
7.141413177939429,
16.997470123853887,
28.855198307162084,
24.228267150547673,
3.5270410569501274,
25.897448925587423,
30.48295926098995,
15.148529699201356,
8.782070469651664,
14.642367942470516,
13.951089504752996,
8.543438658514972,
15.55995196527403,
15.060668608944326,
4.234748760602913,
6.28746927559221,
8.642754386938384,
12.717100501093782,
17.69075166064337,
14.848657565980837,
10.109040765264997,
9.612384090780584,
7.215921543046735,
4.4084538883418185,
13.721532286854872,
14.585372749467417,
5.554558399390243,
6.003502287601297,
14.3727094504746,
22.289003886487645,
17.975662414781656,
6.233619376820241,
9.332254384158052,
17.16184075472802,
21.2860395311114,
15.576390923753197,
7.029736725861235,
5.189850082401847,
9.511439365850649,
12.49495423188444,
8.195675392969248,
7.154033337679343,
18.477244768424235,
25.973071387411796,
23.153383636842438,
9.442578098998796,
4.072783631586986,
7.855602297040296,
8.288831958050915,
14.499642232498038,
21.449587820522893,
15.180666532502634,
2.797980534219794,
4.656451104431205,
8.351023272003582,
12.08715772156949,
14.763384366784493,
10.836487056067243,
5.919015582342127,
11.327435951819497,
16.483509556471127,
18.09972799929861,
15.21912859310131,
9.176307348090829,
8.963200366952334,
3.989790306649553,
6.633463712927237,
8.747773612436628,
4.540103853349741,
10.405907334306633,
9.243499623552482,
8.149470592780151,
5.616771102197676,
6.452124939406008,
5.815500818833851,
0.7688734918660258,
3.8529683263586416,
11.372409352818769,
18.759323935932894,
12.682759233722134,
7.7675722711690245,
21.262476610066415,
12.279315247163664,
6.879490560792268,
4.721826053673008,
7.568697439318489,
9.704192686809606,
20.882917902064698,
22.163219511188096,
4.139907216936257,
10.188401987789222,
4.860715471679351,
12.071623783718449,
8.512325394886615,
13.987243905017804,
5.908390262281044,
8.245098272021009,
9.434022068976377,
12.163281629751888,
10.195919077157809,
11.714787584645107,
12.38556774923722,
9.043188961326205,
17.537851673222644,
13.419929455070397,
11.139062869889989,
8.768242411961971,
4.742154166762601,
5.313529037306408,
10.311343869028601,
21.688798358463526,
22.082542992454826,
17.52797342903517,
14.34924090565485,
7.063573008320125,
9.527242832889602,
14.771464336258441,
16.663256691841955,
10.696446378718942,
14.760336777384301,
11.11038923285375,
10.539262429050392,
20.24760350922828,
4.02588560730061,
14.172878255819231,
1.7704067660399163,
23.28655141790511,
26.020030627390828,
9.337289656121941,
10.075749272709578,
1.6427985200587856,
8.279809581962741,
7.8385337683253535,
5.6817151719818115,
3.1319374490885377,
12.174562535235143,
19.46249528968565,
12.294672291484734,
3.130983330872148,
12.199445002662298,
15.476916965676937,
15.787947957386402,
8.709716806579562,
10.266490426688346,
12.858988718797894,
8.284409788139365,
22.57677628678479,
25.05550885506771,
18.71955836193169,
14.560633130586805,
2.720853914660988,
5.20151704441771,
1.7075878539180722,
11.521595644707437,
19.46333911096142,
22.67449143181628,
16.505937710293914,
18.18141314643755,
12.14495438635715,
6.708889645955745,
15.798492299584456,
8.33677244646325,
11.815165093253455,
12.241995774849276,
10.49847038935796,
6.559022962052884,
6.958056933896548,
10.482071693655909,
5.874473024216319,
4.8741465176425365,
5.748651918624676,
12.985030750308532,
4.8307208251548035,
19.20730445850833,
22.559235634402217,
10.116902375423614,
9.37984205889509,
7.134857963126084,
9.064233344329665,
5.782537434241879,
13.379489966877827,
16.733047265151555,
6.57160741355001,
9.090117014630048,
7.051444605998121,
16.011078853979463,
29.95345052313917,
19.005066641595878,
4.379481670745733,
8.104588626935131,
11.775760317688666,
6.662010724444498,
6.751977872002007,
5.394991085944738,
13.339815510069986,
14.437337557032711,
12.933957093152157,
1.7243874148251626,
18.714812268517825,
23.03098506371187,
13.725505325472833,
15.432575284957892,
14.268755768429536,
12.629292798236765,
15.657271305077668,
17.577339219211296,
10.733966234011461,
6.181954023477327,
4.233212079071208,
10.927852309243566,
17.327227912038282,
8.290975172231757,
8.810864812521402,
9.613198350488048,
15.947521545096798,
17.748207502576378,
12.419171162387299,
24.992230039906207,
16.960135388673475,
7.028446783037068,
8.435804502650816,
2.0975829944516384,
5.322575674494178,
8.00468207763611,
21.082570480971395,
18.92096439042942,
3.9138215248503196,
14.595337952996013,
11.18768309115648,
3.4033399112241827,
4.5939978528685605,
19.877540248766426,
21.9278831264274,
4.420958230815694,
19.265987380775655,
21.79229522562806,
16.156938805645982,
10.45053723046283,
2.6015078738932953,
4.991688786741963,
6.107467855549666,
13.318681739544061,
16.254175200684266,
9.927154643636788,
3.618794548448846,
9.8086917767992,
7.962360311176823,
8.546820458684918,
13.630552880260135,
19.105789694155828,
14.827990009909668,
14.909583673975092,
20.511500152815223,
7.285323247444684,
16.28783083558357,
24.829631459279927,
19.81489405871243,
21.172159436064053,
16.444551544042554,
10.053410781658425,
5.044442676808091,
11.887845560794823,
27.011967347639185,
24.04847458323002,
11.0984567432138,
9.942518580533863,
12.064835636120764,
12.000464170698192,
5.8756524960585725,
13.677617954009047,
8.633996987103647,
4.508446530298597,
6.03139554950292,
10.99986841515539,
5.673386586612085,
20.087955474138642,
15.236145954713786,
3.849214633819008,
5.477002878582976,
1.4691544085823678,
5.637554896654534,
8.428587261498256,
6.166295405888061,
6.471482886926222,
8.038638841876093,
10.354489812898336,
15.872348832200652,
15.466584950663224,
6.496247735416071,
0.9591525734774472,
10.242447710163805,
27.53413656777348,
38.54441440547239,
34.6624364931095,
19.41633120783045,
6.859559245873773,
7.930913745450097,
8.12196557104769,
3.2355163293497484,
12.527672960715593,
18.384446949786557,
25.92393689315669,
20.42967642289438,
14.004281432438047,
13.529636159156862,
19.052951668146353,
17.73073088451498,
16.777060842924197,
4.015327302783491,
14.91447043321528,
15.869464068711741,
11.985689995858326,
9.36996507083685,
19.58909680049826,
28.926060130325663,
22.293406404022992,
13.794010510066066,
7.450758633064241,
14.001913031268712,
22.248814846627692,
19.14705978905775,
19.562608355870413,
24.894741187281486,
7.363247623481983,
10.91668039054603,
10.37631141445349,
10.29753786804497,
8.780429359368085,
4.440715084757299,
3.7336151765460794,
7.559525343462118,
5.87150788329559,
3.3909305930400984,
13.871671575270573,
18.954631709749943,
1.1482382893739576,
22.284417320882106,
23.271793331353113,
23.287821733982053,
17.925672117937502,
10.209110746131941,
13.670211411808555,
14.380167623751984,
23.94002474842505,
19.527882572872443,
22.036729216374177,
16.999942584824993,
16.895805650098872,
10.632128278101911,
15.262721520452073,
20.310988604049196,
13.528461654283598,
18.090395535755974,
9.04581144927194,
18.758307148420524,
25.512052282259553,
10.112621170331476,
8.849362017835494,
10.684253938936848,
4.158812734834366,
7.4555360740923025,
4.255558771670939,
8.78304899113786,
3.399737314498766,
13.170716315058254,
10.488372702533962,
15.249592995269508,
19.209422663364798,
6.25899989325732,
8.926984606630674,
7.173217320973201,
2.6782642008177646,
5.434808706020779,
2.196794003103456,
2.5281306832906556,
8.560655556964187,
12.3301345147831,
3.5017150742834513,
14.127178551803851,
21.028760460946224,
8.746611622421893,
8.452190856930848,
4.769768975652484,
11.553617275097023,
10.721902680145352,
11.919563591765606,
22.706171652314993,
11.870511108432277,
8.581928617234317,
6.218341252586222,
13.41211344521327,
18.71181555455768,
10.801199298209982,
14.232903666277767,
22.787183297957434,
14.76734360944158,
12.345384173597028,
22.02246380952806,
9.344004839716598,
12.07590413685567,
12.91311824324223,
9.262916025402209,
17.42441975797632,
11.68490362408748,
9.841895733829315,
16.221493383503404,
13.08275773448239,
8.5240898153011,
8.774503579181285,
14.670587605991477,
14.385989921409099,
3.3112380222600217,
12.755962011245362,
5.334857502263592,
6.477693960135129,
0.6717849456593922,
11.659095377394397,
6.673584674129522,
11.072473723516069,
13.316243291267659,
10.893569742341018,
14.646673657678146,
14.197058182687064,
30.74275701442875,
22.37280831145075,
8.211525727776253,
8.820887897504143,
8.453395652000696,
17.991487470916457,
12.42397475198332,
1.9526219840659311,
5.799893495340984,
8.05955718034472,
6.272868992876772,
1.6928439133215996,
13.760305006045844,
20.11751453922864,
11.265297898887065,
6.637398193760785,
7.858884646456429,
3.292389257196231,
10.13583993819611,
6.405227971200079,
5.64979348313178,
6.833976168997666,
5.051295668978762,
6.856200115736808,
4.318889800575341,
8.870363579638278,
18.56804306163559,
15.01261883722622,
6.375538658560896,
14.448915602664039,
14.973563751296094,
9.334657470676172,
4.258211804290257,
5.42793833960509,
7.28306794918107,
9.993129397115798,
15.468565618537836,
10.043724148966016,
13.406950317867159,
10.576010357727304,
2.96190736066929,
1.9094338577368524,
8.697076810772208,
7.143593275647633,
11.848179885844324,
22.192858909634495,
7.369768390282493,
15.931948203664334,
11.24359493866176,
10.7012566882356,
15.570434853041029,
6.021592213831459,
20.82082624369413,
10.47485569543121,
10.756219434420348,
14.115830062969913,
4.205224955672625,
12.751327138726001,
16.514239007910714,
9.5224773727881,
5.239111992622077,
2.9319368484170334,
8.112246573125809,
9.776520624748775,
9.730953518456165,
18.985041476619784,
19.235538156581086,
11.255607157724276,
2.821236779666562,
14.178509110852579,
12.636385295909022,
3.802033252665828,
13.854494411793645,
13.703559841542951,
11.522717870750967,
9.420940022595294,
9.514153207414116,
16.13922899624749,
10.276256052572394,
1.4447874138409424,
6.646918594787869,
7.814837055036673,
13.39470895992231,
18.713861548585886,
18.381666301125875,
12.517432167808813,
3.893968683439353,
4.270825301936031,
7.56560492330569,
8.987153183237114,
10.422685580932797,
9.763254331427936,
5.01206456459259,
2.7884776540379828,
7.555119690148031,
9.242116245162507,
6.928049454640262,
5.7868828506901995,
3.722159481260842,
4.427418829327437,
10.910235280887399,
10.805506914334702,
4.830977781343016,
2.8112930578626183,
4.419508481542893,
12.769995418148588,
14.210775871278186,
2.8238673095604168,
9.072494123531042,
7.901502022199144,
10.896911721871186,
16.335757190467426,
13.879863796230799,
10.23427820113702,
10.452438707206975,
17.726435293699346,
12.53186237265163,
8.65341991808499,
7.250719862499464,
5.868818050255087,
10.4495799246833,
8.137296339045113,
5.289160854790509,
3.4678256146951623,
9.399151652999382,
3.978697360985839,
8.723742969567372,
13.486520141465824,
7.021716086970098,
4.922974181974967,
6.5221436359066125,
3.0123637707749085,
2.2785077017348594,
11.293942572970671,
20.58476276648252,
21.52850284153398,
13.525297440989881,
2.076628385587547,
9.245831297922487,
6.477541848044097,
9.935624105006266,
14.293967272122723,
5.296896703015886,
14.642457036740446,
14.977962372486012,
4.511354109507982,
2.812005746140432,
3.954781352711681,
9.411447797902884,
13.369870573340568,
14.230294618437705,
12.427028391781835,
12.872404719820805,
11.802793600282254,
4.339764470743708,
2.76279823451313,
7.204133291366423,
10.601738615294469,
17.579453424498972,
23.769570952250167,
12.620126677346324,
12.711061593603032,
23.067110720414856,
11.792999416864593,
6.018745762276837,
9.500557200069274,
4.529797204324264,
10.826638646945314,
10.84574518193947,
16.95114740813097,
11.75734411008583,
14.107290006880254,
14.118847123536238,
6.17798464032641,
16.779651794127254,
12.491956162654532,
3.714215989486308,
7.0367230006513175,
4.900248746094754,
6.867691361855268,
9.172920129723147,
4.985280060223899,
3.01821454451419,
11.97177234574914,
12.492696903623187,
4.295186461217494,
6.792338735964266,
1.0766579726226024,
11.67412514069119,
11.622345829899176,
3.5368305275255056,
5.417410566325771,
9.917534998705332,
10.949566596068511,
12.406850409262645,
11.579614005009333,
10.805385396125427,
1.693809922038776,
9.624577819194663,
11.274218905267114,
8.44300713998597,
6.1323994943389994,
13.489791790762743,
10.289684451772823,
10.564215377376774,
13.592239247527258,
9.77059740106404,
10.982392624962547,
1.5701670800624212,
11.829840790195323,
4.099713096701902,
8.48643862912496,
10.32795040851902,
18.388562358127142,
16.525555231170884,
2.610505746190354,
12.672210242310392,
10.097146669003466,
6.769575032693352,
8.63039585811305,
7.568280728345348,
3.688931293786199,
1.2894670493694311,
7.3871727682863915,
7.150691509836457,
2.1837720702610577,
11.481419824694099,
11.563401304621028,
0.4653594912950749,
16.026321492678772,
17.81283960202469,
3.2903779057055402,
7.3123637360970655,
7.956139924806162,
19.312883310006953,
15.375786498375566,
3.208036003204785,
9.416125510313616,
2.5963844780643144,
3.693167024861811,
4.848669619709467,
15.002151969912155,
16.560070982501486,
11.233663965833198,
6.498580017039017,
7.199722359362384,
5.401759577479338,
10.006930985847662,
3.56829989609212,
12.012398221627352,
16.10791707188431,
2.935445967270548,
14.448403007578493,
16.642683003985525,
9.598225711029842,
9.685195415794345,
15.058789433576598,
4.838397006776684,
14.600778430274573,
21.768161018363053,
8.329630849719177,
9.09703449260481,
8.956729285795408,
11.26473620362524,
20.176708104942726,
8.050572544639031,
9.89557025849444,
9.931419618889134,
3.8873449283637584,
9.822863821910182,
10.674138076592017,
9.60339954266573,
8.087555038357051,
11.711308105460276,
6.934225707284534,
2.125186083070966,
6.770836113486708,
13.674296261885937,
11.390903955473952,
3.0578358455727703,
10.033020168835193,
5.990767799725565,
6.180038637407612,
8.24524883154539,
2.3160252341896728,
9.411188435424835,
18.9504469317064,
19.64749619267905,
6.348673210036577,
10.61255810542286,
15.642469908885749,
9.432529852892353,
5.536006567970632,
3.851980526177016,
9.436440635616496,
9.307447526886055,
4.656827719933318,
3.4531492716001524,
8.421603422038764,
13.34196072478613,
8.712775611886599,
4.43798980149364,
8.092046598764187,
10.192696362070802,
7.01617432819017,
1.270247910315163,
0.7272579311374544,
3.300613968533177,
8.461553087136052,
12.409803240027795,
11.389086006543499,
8.539243184434413,
6.611613570400599,
13.350756729110186,
10.416709728361925,
2.9483761233567622,
9.017808845212256,
4.421710540372528,
2.3910165337570324,
12.763315807649827,
21.852727654923832,
12.246600535804635,
2.3051770601740706,
3.817100180216068,
6.400077787499915,
4.020451691077151,
19.241436824308735,
18.571545136409572,
5.218704317397701,
14.824719977800358,
13.02341241992336,
6.551164340154705,
2.4020781881618847,
9.9568993465791,
15.719728014519466,
14.164080785141493,
8.413737637077453,
10.717561805552155,
4.219220387812254,
7.450893495729799,
0.466054772234821,
9.325602523762644,
2.454066164341914,
13.88622272798017,
14.693805256004042,
2.127693476665685,
11.269695158966714,
10.856664365832016,
1.6368753379716827,
10.18870383931662,
9.873828813233368,
3.962839824063957,
12.270935872322612,
3.3215384204454543,
10.44289730152189,
9.690659930462049,
6.471345981861446,
10.636438057715484,
5.401044252038198,
13.238295789928072,
12.555592847638945,
1.746175631436916,
13.568211833052848,
19.595717376914173,
12.350182510891642,
16.0245945448897,
16.552750835952466,
969,
