0.0,
0.0,
0.0,
0.0,
0.0,
0.0,
0.0,
0.0,
0.0,
0.0,
187.71383475479487,
275.0016452528379,
194.1364981655873,
276.5310918845262,
201.65989953288744,
249.3986636932431,
179.0583932978636,
267.2869863750913,
175.12707483608472,
202.58012517716924,
192.21413764269784,
262.62087327488257,
253.10980319298585,
232.92493473594286,
216.41937185628223,
227.7173728317022,
200.81620169428982,
237.0224036001763,
260.08281509926735,
215.82460860523895,
239.37199142044537,
284.7694303617077,
261.5672326129532,
326.1143163969798,
251.86366666958614,
274.8709867585376,
243.28720245073686,
226.37509869487377,
228.1675546065147,
244.6646739166219,
231.26001595389457,
205.99230940736032,
209.8477892047056,
212.25462137302344,
248.25169648270906,
197.84192290975554,
187.11506313707494,
201.89566285831376,
208.94460915483447,
195.29228968270286,
248.03031354718775,
207.66030058587938,
146.38589678801125,
212.46675161610983,
196.0988605233515,
137.0123553525794,
205.41782309732,
246.39784095905657,
196.9699635170811,
200.08041529975125,
174.32532796709359,
230.4915473098322,
227.89764660233413,
170.6852628926318,
220.65217182351998,
197.9069401419632,
207.83114667833945,
218.9307333120036,
189.74391819862728,
243.02195480547726,
233.99444373881295,
208.11986653765064,
234.14209225860085,
219.20773366216648,
223.15887024654404,
229.29694981322461,
266.77040349031375,
245.48096905766002,
228.63739665978989,
241.44622476995733,
180.12250290877859,
209.82731245944223,
198.38247796113822,
197.1263458996617,
195.07913791435502,
153.22073498235207,
171.5114821946611,
152.9534239130613,
193.14181324166313,
199.81300629471116,
173.94305732402748,
167.47866426487522,
170.6066750089181,
201.67230320556445,
213.37299585538446,
241.08630432096982,
264.88579779719396,
283.1376947062781,
222.40878400225546,
226.62152015817946,
223.85860584280954,
165.18452395276708,
175.189013863212,
166.84872357778954,
179.0168045046409,
211.06200344070044,
158.73518151509992,
161.9083178046688,
159.9603341089448,
143.10330044172773,
185.64677896290885,
210.93096319333745,
191.44129520091374,
175.04460180193772,
148.56436315453547,
165.08563443324783,
213.47558271349527,
175.9242304686659,
185.20331930211188,
210.4425271382336,
175.9166111901418,
171.30207350334194,
140.44504404828027,
147.28164417953806,
203.6222580679486,
215.79746974938337,
210.24819331450436,
212.82168483052772,
211.1237612318913,
192.51707133934065,
171.92225755965816,
150.50814987764545,
149.2166876803848,
170.33697573028317,
162.13883096217504,
156.67874957226996,
157.05105672064397,
154.74371162901232,
146.71961529014266,
151.2216068967195,
150.20398713927798,
201.00817881787526,
147.23436102559558,
95.96028488224172,
157.73537110371157,
177.63729102442986,
174.12742698287065,
146.65108007517213,
132.83562976691942,
141.56554845511226,
155.6873180128039,
152.02115585583456,
185.82288881269363,
208.5837733054442,
218.0480092825773,
173.81746194756272,
144.223636928621,
142.3091759241018,
168.18658108402536,
175.99942489357272,
187.35518866783806,
165.06871309261854,
161.9492925059586,
179.7981505473719,
190.7651911805661,
202.43697438092173,
214.61319492427904,
197.63064543991473,
163.48029737507687,
193.4141668974329,
155.48706331231472,
160.08557907635816,
173.46563760261782,
186.83800724848092,
169.04842716085062,
165.52559162224017,
157.79166722922844,
159.85748134524403,
174.4656493600997,
159.52820431874267,
179.37710228779915,
207.06606903771902,
216.72069277931948,
209.9982735270013,
177.60107298964937,
137.0950590116252,
109.24750683267953,
156.6153096707595,
167.54478663400127,
105.9789020867935,
135.11969088162311,
139.92181043081771,
156.07600975051426,
136.6844956043185,
155.09781135314097,
119.8995041972577,
157.72856821126328,
171.18709238371787,
154.3230961166354,
149.40533704410507,
165.54461340579428,
136.22498729654686,
135.7529149987557,
118.63108485959108,
149.05081970349354,
172.48354500935483,
175.63964403902344,
161.22586114978472,
142.77169069168983,
160.12386412415827,
125.16848094748902,
145.41682844854063,
170.60345385677095,
164.40992416419766,
171.87735397786878,
134.45221777001478,
163.9098469934172,
164.30107870032532,
176.9869371220343,
186.07438133370178,
182.6221792753132,
179.14713495050887,
170.24965992532077,
204.00385874836664,
189.78077936619073,
163.48740076733122,
161.01160800028657,
137.53198389603259,
108.67733709003113,
132.04152119178835,
160.3878203323311,
159.7670595262052,
193.36307191008402,
172.5394605266665,
154.45334270276328,
174.6817534526514,
153.7321412655208,
135.51925325535896,
160.10458042026386,
151.68050654472282,
126.61949751207476,
131.42977996787184,
148.00954120236972,
132.61742354847019,
163.07043257823537,
180.96885479780548,
172.83084358369246,
193.03731495215567,
160.10552991122154,
139.445825836086,
162.9661766494782,
118.24060584332165,
135.7308831341967,
170.34150954076455,
141.66251145168133,
148.40653392673266,
132.01660357412217,
133.3846317284754,
133.8050995032017,
123.71034414897197,
136.89550131723036,
152.95469084550507,
132.53976547219636,
110.41774028003164,
116.59843044088147,
147.1452547003448,
187.9219985241423,
158.00118772771094,
137.10670752018058,
136.49549575793074,
133.14070338992596,
174.81428541575568,
155.25158822654845,
160.37347549422466,
157.53561620077366,
126.07105720205914,
128.42911188713566,
165.66776607967907,
155.60442948084463,
163.99076555448366,
183.74351941219766,
174.35807211289548,
169.41630519531728,
176.45746846159653,
163.02774716114448,
167.6427496643383,
168.85042434530507,
185.09913220313788,
190.83055029570454,
194.67753906377462,
153.65581575310975,
127.87313942252408,
186.50457015837782,
167.0300589038177,
157.58874512698137,
151.06163201437064,
154.27312129241062,
125.83421825002218,
143.56402484074795,
199.14022433705242,
196.30334926926733,
158.17048947309468,
141.66336334714492,
157.99306269471003,
167.2736222419719,
144.13125040489209,
162.36016413941184,
131.77044807905406,
152.71310206764593,
165.1195994523759,
161.96310347521845,
130.35172597996052,
138.29148453097065,
168.21973297597754,
184.77286162792788,
164.84848528167547,
195.0798193046796,
175.1906555643323,
127.9605744502619,
140.55278536570708,
169.5002039782082,
145.69371885058814,
149.6678449334671,
153.2398455011554,
156.2975160443948,
149.3098058679684,
142.45116502459,
164.26199010065855,
137.12412143026708,
148.28682090424448,
144.2184100241754,
138.57319539022367,
176.34935994866,
146.2638279657772,
155.48666470528565,
196.53002651352452,
181.66543055224113,
158.34146980186696,
156.62631750502706,
152.13280280549603,
142.21243575582304,
174.65591818188884,
143.418406743626,
120.42623114286268,
122.67103475264328,
168.69627352834448,
135.53913190500882,
141.25214224787194,
179.91434790211272,
166.47089311737693,
127.39145070824567,
152.90995616778235,
125.94873410002174,
132.31264149558243,
162.21928042092696,
155.71612552214694,
156.2586573832592,
168.95576589418758,
147.16097047568385,
170.056196740921,
155.23935688742677,
164.59372698563934,
160.4258381600227,
153.7627031172565,
184.7311497371525,
213.74554012318407,
170.64447871028645,
167.47155583795026,
158.47566173870544,
154.85043777461837,
184.96892097462057,
198.91210607697408,
172.62667291031534,
122.45244473157244,
144.4686196573316,
135.43703062237554,
141.30462866462116,
153.53568463403784,
175.87761807832345,
149.09057675635674,
142.96870524169583,
173.85271533416247,
164.91104979149907,
180.69344680154535,
188.17778385866865,
164.78603937789978,
151.65623206947828,
199.51440724117984,
183.95295101488924,
175.14794828826166,
178.51359799591668,
186.25950077400427,
217.83111818580028,
198.21537393836212,
185.50400491687205,
167.81859701257537,
159.90543547284508,
144.20209947602905,
183.25875762305094,
171.58579079905152,
152.4521598571325,
175.389332627803,
155.70290360854875,
160.71606455853436,
199.32500262419546,
195.17316090839674,
206.83907048223685,
158.06240006716743,
180.15469567145433,
185.31922076930226,
206.57717738200733,
208.70320855925735,
239.70792350648034,
223.3507897905247,
234.66238953631142,
193.9864861525772,
148.8678799880092,
168.34091685408458,
164.38463710154141,
173.28450094524143,
199.14450352818997,
211.48632129616854,
208.17051990522802,
193.16791451384927,
173.94424633306815,
178.33300197829715,
210.85419768026279,
232.83350409170785,
225.3876900642319,
190.21800951408756,
201.05341039880113,
187.05377787827507,
164.97183540623251,
177.55974356434814,
169.1035442890909,
196.61705443932897,
210.1178747120406,
198.8388170041264,
208.65290478346114,
197.6767208604222,
194.29887854054482,
190.48660821480914,
167.8211212686202,
179.6236329593542,
181.8612561817171,
181.96346743319543,
184.56761491545703,
142.6855335836468,
163.38409868249823,
197.7342094946139,
209.35157244449547,
166.77777227123397,
157.94383111076553,
151.74114848273308,
202.94343765019278,
175.88630621161843,
195.74996951735557,
260.9043450101863,
198.23398170956207,
165.23413672786222,
189.29155943660174,
177.20242628950894,
128.8842346781782,
96.13244126873155,
139.42005813630908,
171.34184346522014,
174.09410682949658,
189.39505512595022,
184.0325117511548,
157.55043701687856,
165.66224307433905,
179.68336262239637,
161.86865580912144,
207.66597182034013,
190.08029360520118,
168.27685735918004,
170.3379259876531,
170.16967818152386,
167.0957811478398,
168.0134347246136,
167.1519753884449,
134.21448292940028,
162.83148455284336,
163.56050463975524,
129.14837779404564,
120.1366186834614,
164.71515783562313,
131.3020141356634,
118.42383177428205,
125.99950922360927,
132.41255786347114,
196.50226597650158,
201.3672714006663,
181.37426013034366,
180.54559110915483,
190.55182700734647,
175.83963121378926,
175.23542106678423,
165.3735725256306,
150.95341407524324,
132.95062651799967,
117.23349280470134,
130.86240714536817,
188.1906162665999,
188.55972107350513,
162.11688327901797,
144.6094213131286,
159.82548959472825,
195.5276866493222,
164.8724178955889,
166.6041015340836,
153.6043810482001,
195.75292894955902,
183.90772158815292,
158.88915217928832,
163.7122387937599,
134.19553409591794,
194.36169133971873,
199.18779502190714,
184.90497510534877,
145.7849554505486,
142.50710414636853,
117.97131746762935,
99.11870351930789,
119.23299326420417,
154.8654660968662,
124.16466538016331,
124.3939819111547,
122.03640025868155,
157.6556453522041,
184.28204781082286,
153.26845538384924,
121.40544367708065,
144.42295498430002,
153.19055526969186,
104.21012525860112,
110.33080103561535,
145.17047854866527,
157.13517464647032,
137.7701765150525,
150.4833672307586,
155.0375305964729,
173.31063747102274,
169.05734799127478,
155.43185715190052,
141.60086165462855,
131.51479302047005,
177.56780303452035,
186.78035890894137,
131.55256015516355,
136.2696826647557,
138.1961866730593,
173.71004234241408,
165.2090263135234,
156.06708404791559,
129.56675091857818,
153.48437610722794,
188.33027346231904,
160.7612504191549,
149.75677302783356,
127.32359468414953,
106.3971209187838,
147.24866200571964,
156.327261901377,
135.3165351528988,
156.23350365001463,
156.274316412884,
137.2061384840628,
142.92539818134554,
144.72839017954206,
115.40163555552049,
96.71035817705011,
108.27921602701007,
113.4709338446272,
127.62880424284538,
131.73235589681076,
131.2496870896648,
117.29645213084795,
120.79939552249047,
147.2922268967393,
132.95523294682167,
126.28373304693028,
156.62802195207894,
147.5740238768675,
122.31259941948363,
128.20187528952036,
121.49862800742679,
122.52605152793554,
136.42199125734487,
111.84388420688316,
124.18464100602864,
121.70254590824959,
128.87639860379034,
110.96719940917075,
131.20685189288074,
132.82537094508302,
110.78323154990579,
144.48016906285866,
124.39464365826588,
125.9972243365448,
134.7962021520844,
109.70246893932281,
94.75031592044421,
116.1353035329478,
116.12042187088919,
113.02383414278864,
116.19802699923687,
106.98725294367532,
123.95152719743483,
135.85416456721,
117.08255062676025,
94.4878590873057,
94.7047190015178,
112.5740006450205,
134.61752021697714,
136.48518050357967,
125.06817271696865,
101.75244355880449,
118.54160063401598,
121.34333805464783,
74.68942420974201,
119.21641296169635,
124.28097248760172,
104.84994528988581,
128.3636165819479,
141.0055178943438,
116.70426391976225,
104.88452940930458,
123.65326291752184,
156.71805373508752,
144.18404991658034,
149.91009288261932,
127.84058453220807,
120.300022959654,
133.27844391936034,
101.1797349743296,
131.70863887918318,
148.02821034257857,
113.12678592523665,
121.60331971929078,
138.43780869906087,
119.30156345501639,
102.06801573763563,
131.7524644708075,
124.26612486231556,
119.49777371982772,
110.73487334502292,
131.3062362281328,
138.689067508655,
148.29796178973658,
131.46171559928905,
105.1554837637354,
119.13599056706651,
160.57676862141543,
124.33540338516045,
88.20314802640564,
109.5729555038574,
137.99353531337906,
154.68697207749943,
144.92022089657118,
152.38400441084326,
106.77851809247444,
120.29641420870585,
130.39101999228401,
159.49764520788693,
150.29071898682537,
133.59848184282362,
169.40709673687422,
118.68536845599064,
110.78017530560082,
104.00016910630123,
137.66614533341772,
148.9149715055895,
146.06602464013218,
118.1976921702403,
140.13700733843265,
158.33854085463437,
125.56266491056098,
127.0452465040624,
141.25874074459438,
129.29539293680523,
113.94878726669221,
117.34826078275569,
135.5474333374531,
115.08472841122558,
113.6761244868202,
119.78761402417496,
109.16331437561641,
138.47586566486322,
122.86716984019334,
119.49565818874564,
89.59348994588737,
90.9938684108275,
133.92560570119176,
150.1614719437493,
113.79604827993091,
116.00334241955827,
136.82796766775243,
122.80752519317362,
95.61447077203353,
121.71187763122234,
159.92193561186258,
156.40187841822055,
146.480638807724,
128.19393963584577,
103.21198709146391,
138.44365739099368,
130.23875988021376,
103.22752155170716,
116.14892505385599,
122.36027330044045,
146.48379682516963,
121.85616813721383,
94.15059614604031,
102.25362622938111,
138.91248630490628,
131.82946398982526,
108.1572585318702,
105.15087638375056,
145.92900568623,
154.15586558861196,
157.29596722333298,
130.04005622899595,
125.6448925140671,
87.69914432788666,
105.71657534002549,
129.05773236427393,
149.9453841609097,
133.97608926366624,
130.21174219032412,
131.489326975582,
132.01741678140127,
106.23203052409121,
106.23397920457302,
122.69948283810746,
162.43294530637587,
156.9717500503807,
143.58387050055597,
127.16140557714836,
95.49074173905622,
119.31354571541586,
155.32789585284172,
151.82796288280383,
137.03686953019468,
171.7692454351375,
158.1447284002087,
136.02322330501693,
145.31792498306248,
133.03314042172084,
129.7282617144665,
137.40231749938252,
120.27565875012597,
122.0495984034449,
117.66795712640015,
108.20236155418804,
130.20448525102609,
166.10220012095903,
126.92132191255804,
106.00524046787476,
142.5464732388636,
152.43872668152125,
131.09419264476645,
126.17172739907683,
140.04679273066984,
136.27616153354472,
143.66885456573343,
130.76935459143502,
146.45213442950794,
147.963975167178,
106.5886896171672,
89.1802657629535,
117.71839566602645,
110.05719454308893,
105.66806338453925,
116.6013625800576,
129.10876783375588,
120.25796891929477,
159.60419299734252,
167.03934004056597,
139.46040664145653,
162.85336161429555,
121.84420500355135,
118.99444048000504,
142.13261008955539,
113.0128873366806,
122.94853680825838,
136.97005678421823,
108.54499606752455,
135.3460498653565,
125.84517251549786,
125.174941769805,
132.4743980134283,
95.355058250019,
145.5929537447289,
140.36096724806916,
108.4239431989032,
122.21242027700862,
154.80985703770466,
133.2994852967334,
140.60898598681158,
119.48895403073695,
155.06821065572814,
150.8370274928081,
131.1677385357993,
136.36173372943745,
146.0628694209862,
148.50447461939896,
148.4862006838955,
142.52071988044594,
114.14773186383572,
106.37445457361368,
118.46277530004913,
139.8863736481311,
121.81868742698548,
155.10938109413573,
152.2948105830727,
136.21590405067292,
169.66050857631183,
198.6922374950659,
178.58283653618662,
150.59709976936003,
160.18648498244374,
155.94963044021662,
143.4865423224985,
157.8071758079297,
147.5270885976546,
138.41054108072186,
111.74150460335676,
131.94342825892255,
152.68906648064117,
121.83286962874537,
172.7131202202675,
149.9632000502091,
111.53979592724133,
104.64610519702461,
147.80651087167328,
126.87023626671805,
121.66158748920031,
104.52355052009398,
119.92356825231417,
158.19883290152336,
181.21369683948308,
172.94983643296337,
137.76037600210506,
147.6092863931668,
167.41626454172797,
155.52419328388723,
127.62842878612604,
146.65435791852678,
173.40694500747665,
195.7166069248824,
140.66767445732077,
163.47167603802413,
177.55802140514535,
183.8736967004023,
164.21926816467442,
131.1576840032592,
130.70900362630178,
162.13489543012508,
170.0623140757562,
161.71669753539433,
146.10378511207162,
167.51413154204462,
173.65747536067624,
124.69090898683974,
129.53026201914236,
156.76382193018583,
177.56822636750496,
145.2446270844687,
151.60778462485655,
170.71138091389867,
150.49118347805094,
130.28121950867717,
140.7071956268815,
135.9370656535691,
168.78796482243933,
169.64728449457945,
171.38011653276797,
154.53184519454175,
135.13757234504112,
130.43611126503257,
141.46034131893143,
144.7036393650594,
166.7026035339082,
163.13744215771425,
171.61694847851703,
175.08099937817457,
163.65088174159524,
163.7613888530324,
176.3747585114725,
156.01173885582926,
150.04644314719573,
136.79908828967243,
121.38913835423672,
150.47553833484466,
150.1564107293764,
154.99768366502082,
152.59734602805523,
121.29228376856916,
114.40292334532845,
131.14830342583193,
151.71757202619327,
131.60950631314233,
106.63542429606426,
92.82802248595702,
129.0196639640189,
161.552022884108,
120.91590777304276,
139.93823675832112,
148.69738960073252,
145.2009888144981,
143.37945671613858,
142.03268094797588,
130.13638310856354,
109.5048214379752,
146.02253484812164,
161.6141084425313,
161.35470360420197,
152.81372708317795,
185.98609656355237,
207.19858272525084,
172.98448607248335,
174.76726011248297,
164.38076523949755,
133.19226883018595,
148.2948003418063,
150.8407450498548,
105.57830411133193,
135.74466819407678,
152.64110411288308,
124.06921734756712,
117.1452408413205,
115.35221830798697,
114.20309402849541,
140.18604705715217,
146.49902002781695,
135.20557517512782,
126.89275709704803,
135.32128183744715,
124.60286901719351,
111.74667645404102,
137.7931828244338,
154.68260683640906,
146.97085830965813,
93.07777521708817,
107.01908079430814,
127.58304075393522,
115.6260277515437,
118.9867849546171,
129.76965699908158,
104.5735701837699,
80.16570775369382,
116.42198307680603,
115.37528315568551,
98.61479860710566,
129.894469048083,
135.51010153950523,
147.76820178711665,
144.179953484139,
137.40770795020399,
141.6760908422756,
133.2010948529967,
132.65891057419665,
113.34843144892032,
121.7408332613676,
136.40699492836336,
127.31651244585169,
129.43671995275125,
130.35505246698335,
112.30572806205,
104.63535158073938,
101.12555061806731,
114.93442339694518,
99.16285031243595,
111.1485017104199,
165.31861754269696,
160.16500191134406,
133.02788552253972,
132.65122068553973,
134.75772026645848,
145.02146015750756,
158.4936192428859,
145.4415048887352,
125.8398728820874,
111.42043657168044,
112.322474795313,
114.92043404620684,
118.96849077133433,
123.35553586289369,
142.06742986526712,
164.2592093947209,
143.17499991558634,
136.85795645102527,
104.46412264794672,
106.27838047547799,
127.9797500929787,
119.02593014415908,
137.9158658630185,
162.2387286488774,
126.9965192944954,
129.65465286481452,
128.64205394235617,
154.6710860136541,
140.06471119900684,
133.10182092653253,
130.29974986399085,
118.68516466669803,
127.6818091999328,
162.73848433939352,
143.3320260662838,
122.49855787298462,
134.59778116827036,
104.29986040131277,
124.1492565435123,
167.84628405736385,
170.0160525112391,
156.03067919655288,
153.39254118412646,
150.0448848691877,
159.49300715496193,
120.76848989145479,
101.20570026076098,
144.53960635698817,
116.83545275334534,
132.03396650306678,
156.03181502643227,
155.3070819457231,
142.44444189076157,
122.51884744678124,
128.87202032975208,
121.86716024731369,
125.64243157238033,
138.67720042918376,
141.1712912081377,
105.09940411001764,
113.9289439464276,
148.35594359424147,
122.84971861167129,
113.60627532660101,
142.50347862851777,
119.43044946661136,
122.79167403573476,
139.60319032330005,
130.1926679731839,
109.98386174430357,
96.42332268562515,
96.56669548780192,
110.69562584005382,
117.82698244640328,
133.84791548526832,
148.55833051210303,
139.01011342885153,
122.17511457077825,
141.37093996413205,
126.67599522172586,
136.65907856291486,
125.8639120619949,
106.06361953109423,
108.67297847087849,
159.63037730027676,
167.5077413188445,
134.46501608928517,
116.0669112867985,
108.27446135890979,
95.39159800073378,
129.4674791675394,
177.1000705201359,
142.0893164677184,
137.8220111062636,
128.45721040468305,
135.24067255894371,
132.59531632071193,
123.07327049605512,
122.82677693858811,
122.83461806008059,
130.75821483851732,
165.00635140286516,
171.60977180338185,
138.8354317727881,
138.42060839714964,
126.43025601748366,
135.4936553027728,
124.2341392698785,
119.37814585878044,
95.99563669841518,
102.38343448329547,
124.2294068205136,
178.26527780676682,
189.4844363465115,
153.44078455865161,
118.98442824741359,
112.56752305909664,
135.10035420418507,
128.2216029014681,
114.24324214395608,
145.3892789035889,
141.1642204311343,
130.11876620178677,
168.13189990969735,
162.97363521410475,
123.668581358437,
126.00577337874967,
130.02535257319747,
154.00006001938124,
135.40833486566865,
111.94389602815434,
144.9766377270356,
156.31359373377538,
107.5071102971565,
137.89618424599144,
169.49226626035679,
149.16939515565895,
127.84299201997005,
158.11147575190324,
182.78354145869534,
139.610266954538,
132.25730376148044,
99.97010117081632,
111.21310906767265,
145.28046867785486,
160.79210680940042,
158.76401787896023,
138.15892041589254,
88.1740145495188,
133.39331010401332,
152.13240767158524,
166.52470997953498,
167.98938199108173,
137.25163156170794,
131.18348891484052,
135.65056867036267,
146.63810141507568,
137.85692409939486,
142.86193843557442,
153.91896250735826,
94.44426323650026,
123.81964277335192,
164.5898900626791,
135.7826852569834,
109.22048363340916,
138.585308490518,
129.65163364232902,
125.72116788424891,
143.5443049898951,
124.13590121189759,
127.76312301754123,
121.7936131164912,
99.21751430340568,
134.1485057702,
113.93380782437184,
98.53214172880595,
120.32206782122154,
119.34838778194704,
157.72067378069028,
159.0719664867671,
132.2315838854918,
108.7748337131948,
130.478371986958,
137.71681218532277,
122.71023217826487,
115.37959912162196,
98.65871646096411,
117.20539457256358,
137.06953148159792,
154.93432137821216,
148.1617712283923,
119.60344383318686,
120.67287670085746,
145.396015172477,
122.38867351155429,
122.79098527139922,
95.88685398177998,
116.7959092439023,
168.0400645835615,
145.67845060105407,
108.79502021311502,
101.75648194676802,
133.54316433044124,
141.55334290499383,
132.5099793380307,
122.16392986679283,
107.44569041146688,
103.76432317134797,
101.19294976848829,
114.91881987999739,
99.09041868989365,
117.29301105116446,
118.79151735395698,
97.5809205464936,
101.77976609370886,
122.79915949275443,
123.14198295507,
117.75533553159283,
115.28420689657123,
117.52429011046291,
138.6397728728408,
147.36919606653424,
160.2991792766368,
127.79704843350292,
96.8560570460214,
107.09408612516313,
130.2776383985781,
134.00151504880355,
123.79736288625637,
116.61079643371878,
131.04451493332584,
133.6232285080141,
162.39917180873917,
149.10068151841332,
127.46464554999153,
116.53148288579996,
118.78910808409562,
128.54919878689867,
106.32931071900457,
155.557559189597,
148.45512519049075,
168.30738416388397,
173.72098334294503,
138.83246870264094,
130.29860897592428,
122.95530041362186,
153.83039584236806,
140.5236551033649,
146.48911580023338,
137.46868242757478,
160.39324630182182,
146.79909042600758,
115.30203609841485,
115.72557294042996,
122.76165265718907,
122.41057188907436,
127.49220930928946,
136.79383957601303,
129.97018807994496,
132.8927509064167,
133.44299800444279,
120.4888560061747,
129.25471047645948,
130.55529896593325,
115.80382654545146,
104.71599890914356,
115.26817648255658,
147.14359493408296,
135.03484653592253,
146.1858744884873,
140.7506617990579,
146.4761176747648,
143.49663434319706,
122.939709501238,
139.38136706264723,
160.1602085811457,
153.5595020839627,
138.19815604346317,
119.51194274479424,
127.62116381526172,
153.6836752367762,
130.76724069737486,
134.32785378041947,
148.81620315089063,
140.3897949773592,
116.85952534623121,
136.5803304066146,
139.13782981484397,
83.34193827813229,
119.42223362935192,
107.32901721032316,
121.24658202966349,
163.8269287314362,
172.7275936748514,
170.84744800077405,
136.99606986474248,
124.31503012029275,
112.72469900702343,
145.68099267562178,
134.212596174606,
114.6687113198468,
168.55239081820088,
151.2169273871175,
122.34685139058193,
122.64804909666339,
126.65234463429076,
152.30651514612552,
162.08249663120486,
118.31042767113668,
115.5075442186089,
134.9134618455373,
137.93170645323394,
136.72251904685962,
110.27004865635635,
124.0359330327358,
142.91716771803726,
142.18354331303237,
144.25730534313362,
122.87469434236476,
136.02660368325013,
130.83885407283287,
153.78626253174164,
134.25829233987736,
98.76571372055109,
113.95144118475164,
144.27136259576218,
174.97730329092352,
137.8891773759742,
120.78215373354152,
156.84678411869987,
183.76298368655998,
142.80222060378514,
107.77574805782203,
118.41459078131298,
159.1229285965447,
152.3934315553593,
145.46317865013867,
163.23063656062067,
118.77747102437523,
142.6185242913584,
145.42707564805897,
136.112308814967,
131.1403021087795,
128.3341176764062,
167.48394934309746,
169.75716460668565,
137.80124289669544,
125.3933610249422,
109.01457532754699,
163.36395888489017,
186.676166444738,
130.6502039147856,
116.06619422404344,
174.8744228186805,
168.82533794854575,
142.99301346420458,
167.48539154918743,
151.3312881460273,
155.41326934548772,
179.9104490412254,
166.85996813890463,
125.32098330190159,
138.27453231714935,
181.59739385149874,
176.21007839650176,
152.77057606421045,
138.6066755851529,
119.13585224098702,
135.20617513767212,
152.34450566060244,
139.77582694059112,
156.49929363704294,
148.00522082673797,
137.38737564858585,
139.93140355624737,
150.79733008471436,
136.6068949499571,
142.1857056878543,
142.04088141389067,
152.388133156283,
156.46842340861005,
126.17280306990061,
136.79177139583942,
161.5946409255387,
148.28499116891237,
146.39168569492074,
143.79380924939312,
164.7943637499452,
152.8349481548795,
160.22144928994783,
189.71782202831963,
147.259885149692,
149.9009342861508,
121.53989475794505,
154.07268574378708,
152.96399939702147,
151.0415673939592,
156.72150086289926,
125.07728353410084,
149.72771515162577,
156.14432966697768,
111.49468159411433,
133.46485954719134,
155.01602288792606,
123.85612700870328,
125.10217867227597,
155.8036106793002,
145.91031713025453,
142.88699736076822,
124.87353088320651,
172.94516624101465,
172.99421391326692,
162.63358316396105,
129.56677549844727,
97.66541349660993,
136.36801980105824,
145.48829158666172,
141.81322343108582,
165.20477061408508,
177.60151415486257,
160.2398522645893,
136.79155137709066,
175.72500481942927,
197.22462949674676,
150.2055497049339,
124.01192220806507,
134.242048665275,
156.45941073346617,
158.79826490199565,
134.7580434530557,
117.18389644248761,
152.85792624796687,
117.65058427128699,
116.06312054901146,
135.4747288123285,
154.25308805334498,
175.37402062669022,
147.909755982368,
148.8407460973012,
164.4053917993753,
151.92705656528474,
161.61243484273666,
176.62856193613757,
193.5365317164121,
178.1816744475189,
141.1711864108561,
173.08901559056042,
169.087719819072,
152.97569369886776,
152.59955280557475,
168.19019566457916,
205.31161064881076,
196.80739137157497,
181.81004892625222,
221.40154255154903,
184.08028138476772,
174.64054529149513,
204.1108196479268,
147.69542313508836,
128.17085321388123,
170.17922951448355,
160.77005840024412,
168.19782037376626,
157.54598519287603,
148.5607573944349,
191.2270847044096,
228.32957874966831,
215.03932717389117,
196.6735429639034,
205.1493570883976,
223.76241707300696,
175.16023009653844,
139.70803974187535,
159.56892470042703,
226.88955608983252,
243.12306603400057,
153.96308225337978,
172.28196092028196,
218.20447202119936,
189.2873145272022,
190.75699005280035,
237.9002749096374,
219.47825058691805,
184.36981684761082,
191.61200161123207,
169.40235876316822,
161.58017865733507,
178.46402385615573,
170.94374570534384,
178.2731208015819,
189.54623246300267,
201.49892802689226,
167.70559063257494,
165.6814113350101,
168.755689892331,
152.3180051402662,
192.42789863982415,
218.63627582675534,
233.75323613708974,
233.94081786632725,
202.2730631384719,
208.53374833987547,
199.88095327910492,
194.81808422796664,
184.65818432369696,
170.74970601469195,
197.14585599351034,
199.16000245263965,
237.59537405758053,
193.28738624149867,
170.11826696982766,
190.46169033637153,
201.9226873120926,
182.82117496199285,
205.3632291804858,
200.06589525168934,
177.07718207017882,
219.6827880559103,
210.92609488356595,
256.93983064764706,
249.80683701624622,
175.42916577376855,
258.814610836824,
264.67195931820487,
199.22661111853716,
263.4981805272715,
258.4612144433509,
205.8918742936364,
159.6797218668285,
220.20675642108216,
188.68775107741897,
168.8804774166963,
192.20121183154913,
164.45873361941656,
240.00122406720487,
241.73753216212722,
243.60704549517766,
216.2969915669096,
252.89246969394776,
264.98589634572113,
240.34808499455238,
203.97236697472272,
163.671413466131,
214.19230207455965,
226.73353696023037,
201.96621274283655,
187.83531911227837,
232.66499536198577,
199.88833013786854,
181.35327781142212,
248.39395076239566,
200.92001300292875,
171.9555762881584,
197.0768814104606,
190.7641855168874,
240.3536781095778,
239.91045301240896,
190.93299211032067,
234.75823479629238,
238.51918273498984,
212.80589864258263,
215.63962450103992,
214.10054642943558,
225.68060587732776,
183.82386098675966,
190.40372447795602,
219.39640392403373,
224.61839542756636,
205.04048144245226,
215.8499671385657,
199.98155917562565,
164.9024873465077,
180.6729911373246,
205.31657267321117,
176.22126285737662,
193.60187644455934,
186.18406811903645,
145.38565917850133,
194.07904713668626,
190.39731116864837,
146.68157600861446,
178.9444720574752,
193.46953687847554,
171.44136133940953,
178.34309045970963,
176.45784580934685,
191.63871469428898,
172.08452636031598,
157.8161097055659,
204.926345686019,
174.79203380351888,
162.01976044194373,
189.92637018670104,
166.74733153000477,
130.37629501179936,
145.635467134903,
160.22305138383285,
173.02724403765063,
144.16572388977468,
142.9551404758397,
153.3473097840324,
138.08400071713646,
200.14425084661275,
133.40238856614104,
141.98101971837463,
160.64187474030228,
171.61561620812907,
180.02342580311233,
160.72750843566442,
168.34577620225366,
176.82565179841873,
185.39487378380488,
153.86059880325456,
142.71628629422517,
143.10113006940117,
183.74008723877324,
155.34969638779043,
168.53287905181068,
179.25232777985744,
151.87062081199505,
131.951656503789,
126.98542076795552,
153.3438543010511,
166.04254078477564,
159.92421438536726,
176.64203832121294,
185.86353206963753,
172.0547452040918,
126.9719343842733,
118.10504184040086,
126.6708842768138,
133.03699353491436,
139.23725935736067,
93.9157136125674,
108.97439654903008,
139.0939042610734,
143.29771944287174,
133.960429425244,
113.60388418002198,
100.45651439953234,
106.53271936160172,
134.7467334611224,
137.39657921510315,
141.0888438741153,
129.00448038599632,
142.45210754912733,
147.61396503208587,
151.19359665800536,
155.46999330212026,
131.99445597671246,
156.4143271935111,
165.42689728009418,
159.16846519212896,
133.47238786484638,
138.28188289060145,
123.94042130859907,
127.83954977632094,
166.08332546480673,
130.03253469690094,
129.80953848655824,
115.57543744685574,
121.05144057534564,
134.72627561526585,
161.9889958226311,
156.37649007988185,
146.56819778499272,
147.94346510612866,
155.14800525604716,
142.7360056609165,
143.6066719135133,
150.23511771079,
131.01659274226205,
134.44122055795393,
114.32639045416656,
106.43473674029295,
137.59791491192485,
106.50556829798629,
111.24599965870073,
156.32153758185814,
170.22781558247056,
131.42019337642958,
126.28965268348301,
132.24761105279276,
130.99105307693762,
128.66944432522985,
132.1139291977998,
161.51014400226308,
138.34649489113238,
107.18568759795677,
127.94962848134783,
140.68563716107178,
132.4919815696482,
119.19384389408418,
108.78891405670767,
120.47020121141388,
109.22977474048933,
91.26301040630013,
89.36123674136068,
116.95218917573825,
124.6289671035109,
136.2757438270182,
106.6714419917672,
117.50138687593771,
142.71379870758952,
139.96551298390466,
100.90124880236047,
103.52236791215178,
123.43706579171443,
115.02326488912499,
118.58837513946587,
114.83929200305731,
138.71789272020274,
121.39943058213892,
135.97454923400585,
138.06187819487718,
147.97173616222975,
126.06602390895854,
107.47102888130486,
119.81122686998867,
116.55699352284748,
127.50852776682093,
111.61854246752713,
123.59070631307267,
123.49040299603504,
134.99525925494885,
150.1287109947952,
137.1056116072544,
140.84439282286772,
118.90452794912437,
108.79609875932267,
125.54438300442386,
135.5596116414578,
132.67471117560711,
115.5649617882727,
140.67911148611526,
159.16483827006022,
141.52422834980095,
128.78617274031268,
122.7988775438619,
137.05348362784673,
123.07861236624288,
102.27871646153905,
95.83494609068215,
96.3645828115109,
106.35042790633084,
140.1360005981959,
129.02130593842338,
123.29185502575838,
129.84359461005118,
135.5985640250899,
95.28187385348738,
110.23306877808055,
140.16376555266683,
154.55547323124975,
146.24194044931576,
149.5834114829323,
131.40434614605743,
118.58867844069712,
123.59152279615552,
120.41981798102636,
125.1662648526335,
97.01884581583502,
85.80970240204192,
103.11755544887559,
133.7344265553743,
149.8297923933201,
121.67411550764932,
127.29547422273988,
136.87997070789177,
133.69167276611734,
117.42954597402407,
124.26929947734678,
135.51573943569684,
143.31050862117382,
146.68125942256464,
148.29996774026563,
123.0976471170042,
114.12164986831486,
112.27704936129504,
108.51524580612168,
136.4551998790059,
130.8987611483684,
134.34363464024912,
135.40569500033521,
138.6738522411348,
156.62447455450527,
127.80183860963548,
100.98515584837683,
137.81454919362406,
138.32896283374868,
122.10979592762563,
109.50779490898583,
128.80319935920036,
120.43597249765824,
104.22784202240855,
128.88943427793302,
118.34250576032426,
118.1006203701257,
108.23620321703254,
98.5982166590898,
115.9865280254615,
148.26092770175228,
159.96992779685064,
140.19194728249278,
126.46426829184139,
125.62489375294318,
132.01623632125984,
98.32840359465754,
124.61173775709767,
132.92457376458822,
133.7645547583196,
121.50036246052606,
146.59672692430482,
125.98760405683193,
134.64643654577208,
121.69978496781869,
116.91091638433134,
128.47469419499362,
142.9947306184581,
124.59877040708149,
123.98419679963025,
125.07088836842473,
149.26059970519958,
152.27125645784008,
155.39277675989075,
171.67221820082264,
111.9366242237111,
116.95193573026548,
144.02503558305142,
155.8097468951924,
155.01425661647423,
128.00359829581026,
154.61593752522714,
173.86376229154868,
100.95685296633823,
119.76739174035211,
120.38285425863378,
114.20851536315716,
146.22560896266492,
131.19022502606387,
143.27041508869598,
137.04480851677846,
133.76091874645584,
122.93883651348642,
107.04491315322343,
132.20301046594844,
165.80483449022026,
148.77404974332435,
154.1139755277654,
118.7364084325231,
99.96297333306416,
137.83667494934096,
105.5085436686443,
139.67269428688127,
136.9993451359362,
120.39848686953233,
122.62859457005733,
110.81934810967896,
119.1573850937968,
92.59066232296766,
87.03742122996007,
120.02892320780114,
127.77227060191268,
138.26337130349634,
130.15321690924318,
140.6909917833407,
156.93756447586284,
144.0588073009019,
136.48842600743734,
149.6614882369514,
124.82140276301072,
150.29337957801704,
127.82136154948618,
100.88771165730702,
148.06939714183454,
132.66942733721675,
119.39038082498115,
147.20003625302894,
158.8515150613833,
145.38020716052816,
148.22654332210672,
127.50289062801293,
102.02121316012416,
113.47490682245157,
104.29563048873763,
116.93158850827837,
117.36803049945517,
154.9014505533938,
165.19728104623783,
130.1749663977961,
143.14607250390162,
166.34278087136917,
143.35969078840418,
155.51728253264554,
149.3512112190397,
159.00347588983183,
121.88929351239547,
128.51804101544465,
116.76285871986265,
103.88932690155698,
119.54104276548948,
120.92027656011348,
158.07283067144556,
126.59445281400788,
134.79165944807923,
145.48242806038812,
160.71764589377264,
164.0817008307826,
168.01547747938233,
117.3892503015665,
143.05379976385083,
172.78921555485041,
128.38142800548533,
147.4393054119397,
144.99936109127958,
141.59343988812716,
140.81584992185034,
124.44396316705561,
114.39993065473308,
127.63065694878856,
158.18226844715826,
143.64794871318824,
125.77409016556643,
158.96766012981982,
142.09200554863588,
152.78862215497944,
136.53366292354693,
167.5491535893275,
117.48731955655047,
134.5590977291993,
168.1019329240551,
114.01816318864068,
123.8096704814549,
156.31714287263716,
148.42112699886323,
152.20077087027926,
142.88691488983727,
141.96017875663443,
179.36317017012777,
144.47739083427948,
114.39264824178801,
145.6038049451237,
154.37873804760943,
125.44093380956664,
147.55000678885423,
151.48159055185369,
143.60679115438893,
167.60027969484196,
174.6145029971487,
129.96937503972214,
137.85306409536614,
136.70713310546495,
131.42918451369383,
126.83358806054366,
141.05247037991137,
137.1817194273258,
125.96392453903215,
87.06062029936179,
94.69996502263814,
107.69423755793595,
124.1930378227441,
106.15798700833555,
125.61484596962899,
97.5124308358628,
110.40120877861428,
173.58995648376606,
186.53316348940555,
156.16520058490266,
174.10722808284277,
131.1305287872866,
108.72475273325068,
134.0225094842542,
149.37150554010597,
130.06486861754186,
105.44663244046323,
119.60558006404771,
140.90934417174645,
147.7306479737341,
154.29864574787575,
138.14574971798746,
130.06855823331497,
136.73907920160008,
147.19899887495157,
143.41235776511408,
116.10875612071334,
139.43019386844898,
122.56158500248954,
128.1301068702053,
142.0959701302726,
147.54999194779143,
169.9333790078153,
183.01846474656782,
144.27912290461148,
143.59103794639694,
142.05431731797648,
150.01881179294642,
124.65006949218923,
127.6912963203875,
117.66335719325906,
137.52079861900688,
136.54090070572562,
150.2375400563672,
166.66768926645503,
165.26088514595395,
174.6787174062783,
137.14900597856726,
161.33928051624554,
149.40921538613708,
113.90899477633704,
154.66094567831135,
139.60013568531153,
114.40006412992258,
144.72963956173714,
168.04866990915218,
164.33253795135963,
155.94775512247026,
135.9701889520733,
129.68401040258632,
167.6833744533952,
168.72252607272998,
173.70571700873882,
138.63443349666272,
116.1383327930172,
113.46206422404919,
129.66783427499536,
127.20199465342237,
119.64349795993907,
135.03733711971367,
116.10759578956268,
125.97124398367795,
115.68669706195737,
91.50890248166259,
130.0965779150051,
140.04598121117957,
114.13365710498552,
125.03253173286691,
114.41301198839288,
106.21451848597513,
112.7774586657218,
108.93946450276746,
120.40204678017787,
107.92669168823551,
112.97560143320139,
117.43521289825269,
132.0663100598723,
102.37444974181565,
116.7741758849219,
122.84112033671971,
137.50947433436085,
117.50037605175034,
126.71630870769937,
160.21965452636042,
150.82257811410295,
149.45613479851687,
141.17838913709346,
126.26537576244476,
127.46265234629708,
121.887454487629,
110.43638456727307,
126.3451258622751,
83.66611029837658,
114.55211729223728,
133.28702905193236,
116.99962539511742,
124.9450383344955,
145.72228377336273,
149.72632649363655,
129.43437062427122,
153.47112587345123,
125.02484093800587,
126.55089308373208,
158.68740832732894,
138.6160740969739,
