0.0,
0.0,
0.0,
0.0,
0.0,
0.0,
0.0,
0.0,
0.0,
0.0,
158.32458430136995,
252.44646551010686,
152.04530834935787,
228.39587635860573,
207.46477554261793,
267.396028284566,
187.997612719194,
226.14894675986133,
182.99310595592016,
242.71919476539875,
182.56107658161932,
251.096934468436,
202.28204763320855,
234.16802272092784,
166.76172053783037,
180.87428170267222,
163.2373953245582,
250.03500850605676,
231.90748465918222,
226.2650839426095,
226.7895408920659,
240.4325275308813,
220.0462660426415,
215.8905161065928,
153.77189233952424,
182.69963435553032,
179.81550899359942,
225.0740955397676,
263.10728412485963,
273.7997314492074,
221.9008020276946,
182.8170024973447,
226.0146913393229,
238.61590736137478,
241.87651934452066,
178.72209843942173,
177.9409881739428,
192.0431568935225,
221.03246860966428,
237.11692534117842,
200.71465174107894,
172.163319920955,
212.07268909057214,
223.84585442842433,
196.485055103724,
217.86208537167974,
206.52994973080837,
244.45163663709346,
228.61955469254036,
225.54596505005264,
206.41580436419653,
208.14118610189368,
201.12915196584632,
225.41380030555095,
285.38063613280985,
260.4878248195282,
248.6954178541268,
252.62069578587503,
201.86038589571518,
223.50913869058672,
244.71639887858504,
221.66143481628364,
266.6023999035414,
278.45715838070976,
223.8152276562248,
255.9255416103464,
228.69246102672307,
318.3516280058147,
346.2060206173845,
248.51868638401208,
230.8708378001989,
252.79077230112097,
217.60866977451394,
224.5659134337065,
183.55270882876275,
220.66856213866413,
243.69468842465145,
205.35880748415443,
190.04076317829265,
220.64818643041409,
192.1819561308068,
150.07852566869863,
216.4737114896391,
203.6737406555851,
167.54328482891935,
191.14998699509303,
214.00290227800213,
147.01602896586763,
180.35473136391025,
212.0013685036414,
160.708871356456,
175.43938128941187,
181.50937542372478,
144.63170424217648,
163.7689830670913,
175.36106022315295,
183.4266469610678,
201.53380421639727,
185.9384787765446,
171.0569856096645,
136.84775788035293,
140.09316358635755,
158.17872805074086,
189.4927445331382,
171.88966665656466,
141.32905365784018,
170.32586831532706,
174.0537902997454,
148.86019316043067,
165.56510907939074,
223.6806204128259,
200.50006172481602,
171.69956186796173,
142.6267383285179,
163.81923767807487,
155.7688160004681,
139.89328588807905,
130.4297722889015,
165.58367118435456,
154.47100034395308,
140.72494969643512,
161.6172559165775,
165.1489949703561,
151.42222165644156,
157.95537121204583,
140.3464342921748,
169.01206115732583,
151.2314354531055,
152.05781673771162,
192.4487155958011,
176.68934588664533,
152.13566218531648,
154.53680736831305,
123.57680344182856,
138.80014031362222,
142.09901633942366,
139.47540597616677,
152.20906654132688,
158.3464228773111,
169.76352347770657,
140.79118867857204,
180.07881611543615,
194.20085288775988,
179.41907399644182,
153.40658760469015,
156.4651690131422,
149.00679930221125,
167.45657361651035,
213.36039602281005,
214.88622465751828,
224.39351360241108,
258.85699585675184,
231.43285183225964,
200.58036585987736,
148.87518747512513,
132.88474697158213,
161.4055880938389,
191.14663268874958,
206.26182930445776,
192.93880385118632,
160.87951901952567,
127.2881354896886,
141.26735929149015,
170.15635225327802,
168.83730849707777,
174.63984594188585,
146.54851020972916,
157.84449712298732,
162.5892522951041,
181.32090271923164,
208.5238540287734,
224.33115053907284,
209.71762687331173,
151.08224899550044,
203.7260569778695,
167.55590316344797,
150.79478203511061,
180.7010748599706,
139.8597319455385,
174.06250415836024,
199.83795374108848,
153.2415722484903,
200.72486157484857,
215.51413394765217,
253.84233241592503,
237.39735848474334,
149.58063805748097,
239.9740006670799,
246.02704834158067,
177.2666295816449,
173.75644741604046,
188.32915410517288,
192.6337443477907,
212.50429290034572,
211.35985478789488,
189.61063407822675,
194.7410975574014,
214.54683270271468,
165.61210637477066,
151.88366354996143,
158.8936478817226,
129.04279341972477,
140.80826818863676,
152.94029401422156,
148.1098649428714,
133.17901317486627,
160.34367807478594,
178.20320656571883,
200.9918488949951,
181.68804771722606,
168.22022050977893,
173.49376168046967,
174.54721948487008,
169.9637327001362,
198.36202426547283,
162.74474597895295,
156.77505130676485,
178.55757867686657,
171.15371782018053,
169.3604474902799,
121.81183012722795,
134.51800610591542,
168.98029559717773,
183.36263297249644,
177.42443450097008,
156.3834560404252,
156.62377961569638,
165.8745894674152,
131.64255172897455,
155.200442837092,
158.83971006949227,
168.0959046496924,
169.94361528718815,
141.93722064520912,
161.66383631133402,
166.36080977074116,
167.04758418224736,
159.0822478649521,
137.9544754762581,
167.77370262040753,
145.6081374303387,
130.6855072846963,
138.67664494049376,
156.9508806210252,
151.12050443153095,
139.46926281691134,
156.05785259541278,
149.2077328866144,
115.14250183409581,
158.9895097911285,
179.4214804706983,
168.42760533972898,
167.63276120375707,
133.5721415910511,
139.67776727362687,
149.38580962282637,
168.98982623941248,
178.25510894147678,
148.29469816074953,
154.6721897846787,
133.5286844616437,
149.1376912484048,
243.32546156061085,
227.3413097982968,
159.32059185699694,
147.34383785476288,
168.54273305290783,
184.56845782614008,
127.80122745055098,
121.5649493928266,
148.75137446870923,
158.24244667257977,
169.46789218474353,
186.39390058040863,
189.5405434794028,
145.83923749001923,
124.88365812423038,
118.17178717704695,
165.32140150788774,
171.46354563941537,
127.57602813462611,
121.98220777492234,
170.41978331491742,
159.1412594709308,
164.82921744611204,
119.97682025667476,
128.53006537512977,
174.26101118230207,
182.0464393993302,
200.4151854321638,
206.53995133792648,
194.88589587087077,
160.96576872917302,
156.03837963942024,
134.4611252268611,
134.2692690302613,
106.8419617003725,
146.87009489506696,
160.64652087497402,
148.66971715168393,
160.8407573512647,
151.7580719578548,
159.66562337209007,
193.13082805271645,
151.56594414024556,
125.5645669228306,
113.14457162904337,
158.82144102415802,
170.3458866532592,
194.83465783015205,
199.87545320838632,
161.76606075362525,
174.43065882412517,
169.41417990298942,
144.6624437030601,
171.5551043266024,
163.21556951788705,
161.54005603892378,
180.92469142652413,
154.71056408218567,
153.43497117677282,
132.9863949064975,
150.84059576877553,
148.50179620343462,
159.83252262926925,
152.21030421830054,
180.48901149426098,
161.8904860759024,
179.08955881584257,
187.9266374958546,
180.26451492463957,
176.31316618001696,
152.89242365385059,
166.5175946258943,
134.5885985934792,
132.71745099837833,
143.58910704715717,
124.80187330777851,
121.92690641779043,
126.36008323942924,
150.7690308376462,
193.81593997528037,
135.3041214767525,
140.3494887957327,
183.77326481140656,
148.45229800638435,
151.8868864632856,
160.2772462772755,
197.7945042441447,
180.0670739391469,
127.0643274349554,
129.06874651515608,
166.65922489166047,
152.75228108853432,
164.5856774113983,
189.34421341129175,
150.94720964473922,
154.53935134441667,
184.64940342355743,
177.88143897025424,
213.9674662915998,
210.13542715661188,
134.26836962576593,
179.0978741143329,
209.22825335961016,
205.45228877010356,
192.04760332906355,
155.3008187334652,
159.93013250265446,
189.78032545862797,
132.3547816271624,
158.78946579459634,
167.26483373747567,
186.7544581037812,
173.04290937943844,
153.57721994437514,
132.64706724397027,
141.66607927850657,
184.8548948968797,
170.70197589061573,
165.31284698683336,
162.00231440286066,
139.65243069202913,
123.0452731547766,
121.68971696213444,
206.4863719499237,
224.47948642760022,
197.0417811948224,
191.4122642255345,
186.1737087315416,
183.3480448047835,
142.87165245457123,
146.1708177369033,
167.04272409456786,
173.83765751536663,
195.8006395452687,
192.26753447064067,
159.3023638054499,
170.3865266725051,
215.11336016794857,
247.1893461095621,
189.48458578130374,
177.20554068889288,
183.91401247453848,
197.73695136152625,
216.1592255315775,
147.14730382201893,
160.6986835654947,
167.03235981473372,
172.17522807059393,
150.21819231135765,
168.5114355692367,
187.19235167351715,
162.8576636340048,
146.62365575035744,
140.47125652265586,
192.58653351901765,
225.84243605979748,
195.51844931568252,
143.08806307116265,
205.298515040184,
206.89618985462502,
144.77812443434647,
163.69711555949843,
156.88597817158848,
173.7997612051501,
207.50601084384985,
178.93493444078408,
226.24904872839008,
225.80025271981393,
153.43499861056713,
139.30567026916145,
164.9387079788096,
165.85826350449437,
170.98226824753004,
144.97315474518194,
166.04919548894335,
137.76709533648813,
133.6908274050729,
165.91801574220267,
213.3169876463575,
190.67882228752973,
169.03763250183013,
197.7604822637466,
211.7402898592782,
219.05986955700666,
197.51070327780897,
204.1874759485282,
167.3219177682351,
142.44330007339295,
207.31746291480698,
182.6149962876893,
146.4139600748792,
213.60366554247815,
200.5893373741343,
203.16127508230838,
188.3985438884746,
180.64848027949185,
147.36196194197964,
203.27096072657235,
244.15749071958552,
219.27587129889687,
212.01604226023983,
206.0777768452325,
169.90254569178705,
210.4550207447033,
212.4878316773545,
165.26760635554714,
160.33217182184526,
139.32448517856284,
147.31383352420255,
208.7020516989852,
209.49119821862809,
207.98581120580735,
222.63311229583647,
197.15320702306843,
221.36612453849912,
201.35447799295332,
198.4579520237938,
210.2206612210837,
149.8061360169854,
177.38302566023867,
172.87366935996013,
142.54785664185957,
167.0856708138385,
169.41811239745243,
153.23838178436557,
148.76622653390345,
132.10956604796257,
98.63571443587459,
161.71781501608467,
252.98701558277384,
242.1379636008405,
198.99669225668055,
201.53700572280167,
166.33049555721658,
140.4301647847923,
196.1043533036458,
220.0215688955581,
195.95670406568254,
198.19158544320317,
173.39656790310076,
166.70901234382225,
160.11080961785768,
184.20532592575486,
195.40885165043034,
153.6219138992907,
133.0989147994602,
223.87631043211266,
248.28483064497033,
225.52194471464244,
158.79936591879664,
129.65154840445538,
156.77945299365496,
159.88735673232063,
157.38844464042512,
173.73296367547806,
183.91067095667623,
141.66731902123982,
137.00899349620877,
151.72656572053316,
137.9289302672457,
148.95500464127664,
160.83842637747057,
182.22135425661705,
179.10567324128994,
147.04109015773756,
136.0270382969938,
130.895452150957,
141.44477908650776,
193.58364203827588,
147.0353987852374,
155.2395831209503,
182.04836919293462,
168.92097768167383,
128.3272420463401,
152.5514689146886,
176.52019682876573,
138.8073171059459,
149.30814411522385,
133.4808815066491,
114.08771636430491,
141.10109984116505,
154.47865889168347,
165.1140664480036,
185.01427025669602,
158.59246353102913,
121.179058859932,
123.94713230247574,
162.85582170375935,
148.8143307850286,
131.41678503945505,
129.07493146569936,
154.93422992873,
161.14047499343246,
128.2043728866784,
144.50479433176216,
146.5236215849677,
143.1792380412211,
104.08192218700108,
110.57118497435283,
117.89928028139023,
97.27217179173182,
119.85573769408757,
128.39242332855466,
133.7778051146507,
106.81968600367726,
113.87721514731321,
138.66683391122478,
136.51207986316223,
123.81949435973313,
147.97072685724265,
110.20777316140996,
131.90118125347698,
119.85857090022631,
151.22719916781045,
148.91697672591914,
149.25315773918032,
139.80353119194956,
93.70977287578322,
96.4164379799536,
100.61690093568942,
120.65449955136505,
117.4670309751936,
115.0754591678911,
108.33488248665616,
120.95119150990107,
131.51394051811494,
131.58962539199342,
115.30080413195348,
116.3183008084996,
118.58755324549392,
114.26141693951662,
151.1625536758254,
103.00066312971863,
108.75418959408144,
115.24763532499152,
97.39225126047961,
126.77956359287282,
104.10947364633125,
90.50222598180915,
118.23102930876733,
130.46884610869336,
105.01358170676497,
109.69355793936533,
119.85592405993307,
121.16023318400973,
121.08849206683111,
122.66610470271772,
114.04004268602986,
138.67135728647656,
132.17653057073187,
134.6429257911916,
144.06057069199613,
128.37081697924614,
152.5225753335063,
142.09044607583675,
99.62718885974688,
144.70970621004167,
137.4774312864875,
151.08144682924222,
144.35522645749694,
113.49426876572659,
124.02833475544878,
127.58562926761812,
120.70752240596977,
151.18114383955785,
168.27257429599197,
153.48762032244485,
131.0851003381393,
129.6544354714958,
116.09170075867951,
105.56327082804043,
118.86772126213422,
99.83798571798263,
110.3290764232849,
138.89078565016558,
140.27031746655888,
154.7365573830711,
148.32393670564505,
143.88476397157604,
152.76428758892013,
148.61289373215283,
112.58114359075347,
114.23246654219126,
140.1212454533231,
129.1520959794984,
101.83930516190024,
124.62446369367743,
129.04617443992623,
151.05606748721294,
133.26967682899522,
144.27645598694173,
153.3981188044487,
139.6083882939426,
113.22031846311313,
87.76661007179689,
96.20833750504974,
123.10811478641227,
123.96083213622063,
125.37369767862157,
134.6973521043812,
114.41201300964087,
120.70398041591915,
137.42264280535233,
140.01824998141817,
145.67664534372076,
127.1707832730217,
120.110810777719,
109.98587202485537,
96.2340578360001,
111.76896977688179,
120.78340329425507,
114.18341298309224,
104.43777824877765,
127.11920032389739,
121.86323612874773,
127.27517628846033,
119.53650711062912,
113.53162669283,
111.03324779404456,
119.90947284900635,
124.34724575576892,
98.32334256653556,
79.90552131424498,
130.8389598287364,
137.0341094219359,
101.96785946992303,
133.2651149168728,
166.8552691620857,
139.89448058268482,
163.22028892045054,
177.79560673794452,
151.05460898697484,
115.70622745424689,
136.03295686140555,
135.87786558038667,
97.26770755171016,
103.27002487778026,
141.8646863897648,
155.17391724344157,
148.17483213437785,
130.9717801121879,
150.43983385054798,
142.38815917218855,
123.46298035785559,
97.91827678607584,
120.27141379086126,
139.11281053497044,
150.68405385561408,
148.92130276293443,
127.1330672885052,
136.7583271553751,
129.23625593116589,
95.69058130443901,
97.03169084031305,
132.99522920086122,
138.2226807444293,
121.82152785849644,
125.99309706827505,
130.24209157939475,
117.69806712653397,
136.8308990298178,
136.41474221127098,
111.5866149428881,
117.12747173494425,
103.63782275796471,
149.13682536119583,
201.66816334460762,
183.51211537173657,
139.68287170849894,
136.36265648397597,
155.2330029237216,
140.94261674256038,
141.25825927589855,
109.38521799353892,
87.43900422605736,
115.91248813806388,
147.81360759019933,
124.08161090599165,
127.85463313046222,
150.52967220421465,
127.52941197232597,
151.2907947752985,
139.4747666653334,
160.30170791894238,
190.91499303429472,
145.23616439292874,
126.97087660094428,
161.94158491026627,
168.41621849016207,
136.18877383943817,
131.97407868141943,
130.2584794965449,
121.11426748546039,
149.23151543450842,
153.95198286074032,
126.48843737604267,
134.49636142921716,
147.24491844841,
131.07520180996107,
167.55654183768615,
133.7306195314255,
93.1299431090961,
123.46999266780588,
119.25171248461798,
139.13741016323425,
133.91240990123129,
151.4492499083609,
161.2912085855946,
140.60589512388162,
157.60765313727566,
153.4368948230161,
120.0004893831755,
188.49703261568013,
161.66720243196826,
131.38838894643783,
155.41580084465602,
138.62598230321132,
105.8880891188133,
137.84248110869348,
134.31456841113317,
119.45135304985703,
143.65019810783267,
124.71958934608273,
131.59739720591702,
131.34836184536084,
136.71015122952775,
110.19463482479902,
106.47133820675614,
124.71563443957719,
133.9828004322353,
143.08403852438695,
144.62182945384868,
144.42883813771638,
137.72969595894665,
134.20531913475332,
150.3124336659896,
139.81888587272172,
157.12604890236352,
153.50349922014954,
182.091763308334,
206.97067172342162,
155.7181657785662,
160.9909357420075,
145.63189941273671,
163.90389531782483,
132.35777922193844,
131.55639520421275,
127.05034997035371,
118.85185378274232,
152.24798702780635,
150.2304908283825,
141.80081507348638,
102.80097441895285,
136.35377323027177,
130.1483726834977,
138.38799754052752,
144.50440617263698,
132.53737201174823,
130.15787271342685,
135.04619777062968,
115.83726166001287,
136.2395080556151,
128.9767403189594,
140.14536240345916,
130.9536703290418,
165.58718564806455,
172.52911193245745,
126.51914491947764,
143.91786189635772,
157.55652387152946,
194.73618616349123,
167.43082198162315,
140.35471977411845,
147.67571832914848,
158.26472017359976,
172.9548880576449,
132.9789998183343,
129.3941840339665,
152.9323544696813,
132.45672802935658,
168.84166386677728,
194.63452587481936,
202.3866845398153,
154.27640610519953,
144.7724696701237,
160.60150334777595,
151.59587571856775,
170.9355429823282,
219.31881211101344,
188.082094906231,
175.07524636121644,
204.39838885938386,
202.43412425230932,
190.50174989956815,
136.0822669227732,
156.59836474025394,
149.31194276113152,
170.8133385659743,
168.58849667507027,
112.29110189561278,
155.91165322306838,
180.6881622025182,
155.78204396315954,
133.19015859414486,
172.18582114231467,
200.87790467020176,
166.5202713950089,
151.30981236533407,
189.50243323736487,
188.58935078229058,
186.53832134299924,
170.2354047924107,
198.1144691602686,
197.1031694741437,
147.3376892789863,
141.20594755093396,
148.502306577924,
148.5728017177259,
165.08600929957908,
181.72527893984366,
164.97205367366465,
153.7499003254088,
155.7266015380081,
139.93706271137444,
193.99121349475513,
180.37665626327143,
133.54362618720884,
154.93343464345196,
140.18389849579947,
166.48824422340456,
166.11540176619022,
147.61350381152846,
162.37643662721527,
137.34527439141607,
102.11702287581869,
109.75642187955798,
141.32827608763358,
149.5039368901029,
129.900057973104,
159.01100849107985,
150.42501510444455,
150.25710635670944,
133.88141844512356,
119.1980042267569,
133.29198724509908,
155.4214046701526,
124.29227031259634,
139.87020048862095,
154.52315141178104,
161.96082571538108,
132.76023915551272,
110.7258555417974,
128.01549820813352,
160.15120712334678,
157.07533953535406,
145.76429543178483,
132.36231810638338,
123.80544541644812,
158.63785688669455,
157.3799913406274,
158.62143260361236,
148.06070681595014,
155.81377450310234,
173.90314158664293,
173.3278294782638,
150.00832379088916,
130.21580564409086,
192.07293773559456,
169.92697541155107,
120.64819663648896,
158.14461596238735,
129.72347468972262,
114.95033789090321,
132.08616062585725,
197.57227263984876,
181.1106111171109,
128.23209442131082,
150.48852201935264,
160.67707946738176,
141.73997376553882,
132.3062043621144,
101.61232062568006,
118.02036038946366,
160.0754494080347,
141.00123733096888,
128.4888284327092,
164.43628081735102,
171.433378972417,
146.6365286858456,
138.06787681513916,
157.35597253266596,
158.22428854949737,
166.13449899126147,
143.72056530624553,
107.86367874223966,
101.64135991949593,
119.66164549672862,
164.77426713186873,
139.60993886683895,
111.19124300585638,
127.56840928943342,
141.29879971037857,
112.01725103932537,
125.07995117631025,
134.10299238869507,
115.58429007488502,
97.36134771394951,
77.73299007229568,
89.7352893616048,
109.75411310758304,
148.2476291322208,
140.28225642586375,
107.94764570392739,
152.6191490018079,
130.09589293673528,
111.80224458998353,
98.27211674623321,
125.8573456105888,
181.61325078044467,
159.71222476642922,
116.78908162565456,
146.81090459357893,
134.9271750795305,
119.07490802999453,
123.89317237815426,
131.17251487487187,
149.11173723032746,
136.27229049547512,
121.54185944127897,
120.27161483536692,
109.88048563993323,
106.83861013173527,
126.0381702841678,
119.69912243660502,
116.8814050074383,
116.84950339306823,
124.37294716887787,
131.56498997464288,
123.9336150421156,
130.6563237410912,
136.77892321141218,
154.02821372761554,
121.6058793497485,
129.5524261929167,
111.56707765276354,
98.64950915401472,
122.01760886950147,
113.29429498250566,
99.60562672427612,
108.23405166064376,
126.91990526911809,
119.23164746592593,
109.10045334968937,
114.5686225409057,
132.32844161265604,
141.8374757196372,
149.02137213104766,
178.26994259950834,
185.3662117868165,
171.51930126805843,
125.61274974833682,
103.82973713588619,
100.91376176372101,
111.26186514322677,
106.82422735001522,
120.29958595893203,
121.55676506091417,
98.00141144500566,
101.3342186751569,
127.7272910924712,
111.94151588268352,
111.55472864631588,
109.82984869759326,
91.66261669040755,
115.30875228271044,
113.63511983630649,
100.37721165415344,
126.62277119259409,
138.64681639033847,
134.84840971281278,
138.87903735604664,
123.89308548426405,
141.77457761964612,
153.29975358861148,
135.63791129856105,
106.65688886621413,
130.8815470692921,
152.93540270547382,
132.5304691475264,
124.50393511950321,
145.48235564004423,
139.43890345897086,
132.0753578864559,
135.4685693945905,
128.92097859461325,
124.74161218616447,
127.70174395362051,
122.23051109392351,
104.76007604878642,
162.53653704840536,
168.20463707807255,
129.44008292068403,
107.0181007099178,
128.98334815933873,
124.99574036361724,
120.30041915128486,
139.0242423348717,
144.82343194208624,
109.29595171457036,
117.46875203748458,
148.69827652831768,
150.08224196206731,
90.8343270152182,
144.2864715482778,
132.29775019567708,
126.93796191544985,
99.97690668644962,
84.41417823991961,
117.21866198013925,
135.64649631119318,
115.95549895881405,
111.83305519454494,
130.18631760202663,
124.52278793305274,
151.10333412097145,
136.39374822284276,
120.46775442271543,
130.31287618709538,
101.47380522875608,
120.02541493652475,
157.33934854696065,
133.612525382652,
136.60531774612423,
137.34034789070904,
148.66140697430876,
147.57640999926517,
163.5572194026997,
144.43844052253516,
132.4959112952667,
131.82019547507068,
133.51800034019402,
137.08332563711943,
112.98918953325591,
109.22982686567833,
145.39826928870386,
134.72718181372278,
148.44290780406232,
149.89460450829327,
135.246476423748,
138.167413567757,
130.92476446568153,
117.49195223312796,
93.30068731326335,
117.28439331464119,
136.05337925621922,
129.59224159092608,
103.76413175201294,
88.21596599700621,
127.61978615537252,
138.38442717505967,
127.34690450624917,
102.4011751803719,
117.5484875931424,
119.25590421402063,
114.96539196569051,
127.64038543620967,
100.75583662764606,
100.24696167838573,
119.95414957746944,
153.2522978099962,
118.66817857084548,
110.751667374449,
168.46977456143742,
160.1571907907264,
115.66977241455473,
130.99544283958716,
138.5833136869696,
115.34088421456093,
89.7438640307649,
104.05166312556108,
146.79562136553886,
131.44008242009647,
102.83491121376026,
130.05358712794916,
125.49954399155227,
111.97600010377467,
130.3011994598329,
137.6344053667389,
113.01877233489057,
123.25916732984405,
107.2168673265688,
111.35594875206347,
106.00842750010489,
117.66598624022696,
107.2931792268623,
94.03405102002604,
94.64748475087248,
96.70937014621228,
97.55911557166904,
113.45943752787556,
113.56096896092247,
128.02707057657068,
112.70172103840069,
98.022146259781,
106.67955438676766,
132.26789555313775,
144.8802395374172,
114.6020176147556,
103.05582719514508,
109.93561917103351,
136.41586851613732,
139.7361910303126,
118.27725356947121,
126.37117755994458,
107.29060231075358,
104.00512654225325,
111.79762072144999,
99.72284225664555,
115.52635300870637,
138.07433176545044,
127.48317841715715,
107.10673649509533,
103.53935182223178,
149.0951035311698,
165.42531815756362,
109.12079432372828,
133.7319206734482,
123.92060612589835,
116.98839713748234,
145.98587676478368,
135.98363438933714,
105.69439914506111,
145.32804743004385,
133.448426732577,
109.08333286590532,
91.98209584557463,
123.0741695642187,
147.93497575789272,
138.5671462480504,
122.24120113245822,
122.1286335327852,
143.70553033661722,
159.5506632852714,
160.47335317036013,
138.54497307797124,
128.40925003855145,
109.02290496051639,
122.54882961369103,
129.33266064362144,
127.98260951877688,
171.29598441554904,
167.18800346354723,
119.60390286871528,
127.48584151730522,
130.81959514939368,
144.85396739413278,
130.48127637109675,
97.9248980911526,
111.87750636079267,
151.35635394329532,
163.0347871655914,
136.9468997400915,
127.98401454946968,
97.11505723906936,
111.81968559145149,
128.58577310971856,
154.73560009208896,
157.04521582920168,
139.5653381224115,
112.67103439852079,
92.47251411994554,
112.65142864920041,
109.25917719973323,
85.12943476506126,
118.37548755950012,
132.05473757600583,
111.73730464219776,
155.85826270841514,
161.29032318353526,
157.0305614043818,
133.66500587133038,
128.4622850180567,
139.76074327255765,
123.67440155510431,
133.97366054883187,
154.7579173814521,
118.07560830316541,
123.8640259461531,
139.33676767331042,
123.497436908575,
121.63255210473103,
145.6797866842321,
121.015222755531,
124.96880308867941,
150.8701233283282,
108.52404809986386,
100.94301251436772,
108.61425611990356,
124.63044319809683,
150.66236670419678,
178.1201554560333,
143.2106659324628,
157.7924046285353,
186.7532582788213,
162.5001316247805,
167.01230028111326,
158.1168647722292,
144.36082475658839,
105.6062469128803,
161.85784345012289,
174.3184422625207,
146.14500772611828,
125.07459095989068,
128.7217010883942,
187.29888221714262,
183.85912560664147,
143.36225533424275,
118.32283286208667,
147.97662103614718,
144.95558091754714,
111.81631890014758,
134.08308778043263,
159.65224751997852,
188.46189975715063,
184.72409921988256,
134.02542205766446,
121.03109363111565,
116.11028091160563,
137.71000424059253,
123.78357904167345,
87.50960402794855,
123.14625437103021,
97.79373916920964,
127.99764353668367,
162.48069740722215,
154.33210994001152,
126.40441028979622,
137.87761102261027,
147.24405672418723,
160.28296579995808,
155.43107891635734,
123.43592714140905,
157.91320982058903,
111.21890132911373,
130.50982097093154,
153.41776630841147,
130.23195687688062,
147.3384619753569,
187.0798207264837,
181.53451414833359,
172.43627061379755,
170.97524643667884,
159.759087125522,
154.01911182224126,
148.82759358771867,
141.99397048491733,
127.77189429546155,
144.0235630398449,
126.12954156151466,
143.01113640794415,
141.54569469709833,
124.74788402704066,
119.72377377891948,
115.44581658740768,
120.55748179011256,
110.84643221999534,
99.21842102233319,
137.05177341139796,
144.25697933878175,
143.56841918914503,
143.88043020086738,
101.61768454865185,
123.47256542979595,
165.4336926757952,
142.42728892153826,
153.45399065477926,
158.18128113965247,
176.4692797930444,
164.89000698755916,
126.30315492869552,
170.50098319653364,
155.10052246455786,
154.00048360850164,
145.7449528086903,
144.7236282229097,
148.23496620957295,
146.64388470920542,
171.71611677160683,
159.95195383088645,
165.5015093291579,
140.8867732224244,
106.50191443235911,
109.27260685722568,
148.16922298191827,
213.97304220754825,
214.08843714387103,
134.38957598135693,
119.45619713932422,
149.09321670779107,
184.61311449467954,
152.2055704510161,
113.01374075197346,
145.8791985083406,
133.00410783208963,
155.13802354431866,
146.97734415142676,
146.31193338383196,
142.36516603176594,
164.6369766577316,
133.04343527881642,
105.27236672537062,
142.98901519118095,
144.621448205949,
102.33526767023531,
115.84756597391203,
110.05617854558815,
151.59245372452682,
152.69690932219737,
140.9653538568809,
148.77832087283167,
115.4594293537345,
104.73874664921938,
102.63616561588222,
139.76728885771377,
134.2438333247605,
169.72156742151478,
166.57924976761615,
147.96360602987755,
168.00484546469067,
164.95019270013725,
123.49625230336157,
146.95272148290857,
186.40452558044603,
190.6963466449406,
172.22521369096492,
186.6199017465836,
179.7244495040713,
188.40988157552272,
159.793397077663,
145.52803368650876,
173.96483548670093,
153.05186524480465,
163.48089943296011,
164.21625817108546,
159.03885336342424,
125.00070509432138,
163.13876854271373,
172.19406788044665,
161.69045858681642,
144.35120179357526,
147.5329888101877,
148.2399563324863,
152.82914619709882,
168.03905841188072,
165.59347711047872,
150.95729488349372,
169.319469819084,
194.64784794389655,
143.17849214591652,
188.37960398288,
207.22244264969444,
167.2132720486369,
133.56586810151458,
122.91935422485429,
121.89490554600411,
174.29751025394864,
163.06288963199324,
164.80734973948643,
155.69751863755468,
128.19031790040788,
173.9400753066139,
189.8434881883225,
198.6898279405007,
193.72453798118556,
190.3196659755606,
149.374020327917,
171.11906455122107,
177.8252049838773,
182.6854758794574,
159.84202153261162,
157.2257217051999,
162.24149485041414,
141.89484126376618,
221.80462613143877,
214.14309222139636,
176.79893622965287,
271.2155969185851,
252.24626596739125,
160.2853606672594,
177.81147638733665,
225.50381931482852,
154.39031393853216,
174.06874290029086,
174.20606543467278,
176.88222042765133,
182.29681105147745,
137.82963507127195,
172.32519910136332,
190.36457277549087,
217.0664704455138,
196.2649006034128,
203.2326772200113,
168.95426079536057,
145.58406078619865,
173.72533990714112,
187.79875356631527,
211.6277057926011,
223.8177096037029,
181.39580092591189,
176.71832717034863,
178.03083916962078,
182.4509336010645,
210.603426218301,
262.1722202748928,
273.81093935738966,
272.34848894631295,
283.9538359469084,
249.7981643332634,
230.55688898481134,
215.7890261883303,
250.07902597293855,
203.86960350800794,
204.73388908986433,
208.24935722991526,
144.93504512859647,
194.66924051283627,
183.73549789695318,
194.9236626031101,
189.03693008371874,
153.12422670910988,
147.92461793607615,
192.43010084156586,
186.8865596618638,
187.2257135554754,
184.79749455724763,
183.15329781798243,
220.9322983744892,
180.23924560283496,
169.66504372041982,
207.4675589023073,
196.42630531886147,
182.19581750528772,
208.7473325990098,
167.35429041616422,
190.6942180449241,
164.72044474913454,
226.10977499077435,
207.28887100077662,
112.59985708542418,
158.10531685008064,
207.1307568940828,
191.65050938155395,
201.19237170762833,
192.80665187562894,
191.36075630684675,
181.158946064362,
237.4406815908222,
246.61700889323083,
211.88968535399613,
216.69385875221215,
200.55585281841246,
209.33492868934198,
209.75072164580058,
185.89125648084814,
176.3354414966183,
131.41407838679197,
171.52036518379592,
212.52619064252468,
228.43336286864417,
193.92754850213313,
244.87501560419065,
215.3592493422677,
197.98514477202707,
237.61430352969606,
214.90456966909417,
214.1154484150666,
186.35991709166552,
184.10049913090003,
201.7191769128145,
226.86874978255588,
162.39380058759494,
143.97472089444392,
197.31255674509967,
201.30499097814229,
187.0040496753464,
172.5890857367732,
187.2773583808605,
152.8800840255732,
199.88981443348757,
228.77527171534214,
157.2980233641653,
186.03339377290655,
176.11600245086717,
152.2746297677757,
167.98974987583298,
195.74286350492926,
164.32060883150274,
178.8455206552566,
215.43524252027856,
182.0423062114485,
139.085990246001,
145.31945087263517,
166.76453920336047,
144.1643221675062,
142.24450359130518,
168.64093207749855,
151.2265535726659,
179.1149267209047,
175.11432995111755,
193.35165212946666,
156.11478661254503,
159.33697456964325,
210.40797650360597,
190.63028818043267,
139.37563288980652,
123.31535834827594,
167.81373090467665,
171.05179794668686,
143.13235864061926,
118.83507901135846,
120.62948187822418,
138.8706810646379,
158.886105369731,
149.01770895145845,
143.22137645791355,
135.09699893602718,
151.55039528012233,
185.38133481994004,
163.5035594428242,
111.92528532840899,
117.88852238649334,
142.9888111925949,
153.5345168691009,
119.31772036211362,
109.8317198519008,
146.13186112548306,
142.0755663035074,
107.57664546337955,
105.77852319975031,
124.53598924921367,
140.32650621413322,
149.1616925082421,
144.40547730714616,
152.60639036345748,
133.3060522008664,
182.98810758710974,
228.71665887109273,
181.64237929536824,
122.20757653897137,
134.6386622167033,
154.80472112264215,
137.82213857582698,
151.0378565949588,
185.93774613434434,
174.24173494806254,
148.18513548331205,
129.46819793300557,
104.53618786551034,
159.06110709369435,
173.7998511854324,
194.26426787563878,
139.57507592691317,
170.1392439692641,
166.5998485316144,
129.2260806867106,
109.53982000587702,
121.50264801410896,
173.6628386148997,
196.80007245557312,
165.01566046633684,
162.29443692337787,
159.36686375679432,
135.79745064790137,
129.79440347734158,
136.03251344006992,
139.4593918423108,
98.56923494015744,
152.37751478137102,
178.57591101278916,
144.59902899522478,
136.08497423674507,
124.12841640064046,
125.1266759015278,
117.2012743097819,
135.3268679858523,
134.61563553585088,
110.30814057788496,
158.67882877105515,
167.4247285638234,
163.53838174897996,
153.19388283162834,
137.04151332410171,
131.60725525597394,
149.45048676705264,
109.60140853510215,
128.32146504333218,
167.8142499230883,
155.55452592735003,
164.87528735940546,
138.5624158811557,
127.16153181068033,
193.29318271008023,
173.13469335120854,
164.17069682985442,
137.58772827356267,
109.54407762876909,
119.1437879561654,
110.12858086490735,
108.41115403386411,
110.8832577901481,
157.73351510968214,
152.71233129056154,
114.18570258796241,
94.92078285652927,
94.59136782951849,
123.28489232401158,
130.55535453833778,
124.29468161829396,
128.10597240691862,
147.6289572459611,
141.77871272774445,
152.12397031241346,
147.69714359007364,
125.46540823840813,
144.89044824910567,
154.71156909503225,
130.55798239231567,
90.71120678190394,
97.20842559550026,
133.82651303660865,
114.9524375245812,
94.95201876461788,
111.94062385730082,
124.65758544407791,
120.05146501588156,
96.63589883620631,
115.32262824325882,
114.48755881863946,
102.86401358895537,
141.18963918011298,
120.81632323153096,
91.41419088254953,
104.47052426084277,
135.1148273397158,
158.28952569759542,
137.01703390747608,
131.56793668459144,
145.2470600195459,
120.24677690659952,
114.23867767069419,
120.38671415680696,
114.10150338997805,
136.98271700895847,
124.9527502498569,
113.67805749144566,
122.41539197327486,
109.70811639352205,
128.0090800589998,
114.67549688747349,
120.03019734775289,
116.02551626293483,
135.9528112620587,
153.88343900857723,
127.59096569913493,
117.48621163117501,
120.61467385713433,
149.9676886129422,
146.62024558580637,
166.40483201560698,
156.04602206569754,
140.10947364621364,
135.83986039216327,
122.12213346503528,
115.1069226453389,
103.67962705633877,
141.57201920326614,
162.76293170273968,
151.7278917757506,
110.41848889558742,
108.22200126530994,
128.18172686603535,
154.38613612292178,
162.00275031720676,
148.62148632781205,
148.49205242711113,
110.08607594745507,
106.60719465653479,
92.03059506518855,
97.32114463735961,
112.77035092375885,
124.97644236565834,
135.06224512301173,
141.14424943243012,
151.46215967510682,
128.19294465983168,
111.99478338616035,
114.4875622722237,
80.4186575104158,
115.11124015654474,
127.49074170909753,
116.44512917031432,
112.67045344074496,
111.54704718268492,
118.62860238873371,
108.14360890434455,
119.5457180445652,
104.46445590263056,
118.27736949812328,
117.52170831247672,
146.6067750287279,
128.48750169741058,
109.04582171720708,
129.92748340020154,
128.00026727631413,
121.6148160873861,
105.06004305544148,
102.48604166843495,
115.59069486291759,
112.08735618389943,
124.91886351889319,
124.34032157354012,
134.77678057814717,
142.36706375155316,
146.54986647960004,
110.4454505989068,
138.39761728116488,
148.69563314562393,
92.26649545373942,
126.5804842243728,
144.35867173320048,
114.43045115321549,
129.10963964644952,
128.43805661929434,
107.72761785746908,
131.1843904746058,
113.36445334220318,
129.24044787326875,
125.71244856096216,
112.6786017021366,
148.20168958641798,
90.82087262494072,
96.55207058557002,
100.81889243534903,
125.49608222543809,
157.05947052598776,
98.11741451778109,
104.62416027254862,
134.9969872771575,
114.68774222907027,
111.63324576252234,
123.3322568941019,
128.90643145540122,
114.76573941581702,
110.11059916419286,
114.73381501738845,
110.42152153350271,
132.16431193584364,
153.31737165378172,
140.9541842092589,
87.69491245619939,
114.55157144271433,
121.61523307148849,
125.34384124094959,
120.17483933497647,
153.00691908210308,
148.61672607312366,
114.08796601138205,
98.4499224104906,
108.96457700015486,
132.33761483493916,
112.57279099812162,
116.36786170614931,
108.4061411071825,
135.71454282880885,
120.71844791413774,
131.55207382902483,
154.47857538316134,
115.2198370101494,
140.82334785019881,
171.04138893230768,
183.7082055629719,
163.814748163923,
132.03997455447333,
115.69411650388548,
121.38198314498243,
134.0578681330012,
90.52608246038714,
120.34080776300313,
143.2740535925443,
142.2843897144112,
135.23606258741572,
137.6115843079912,
121.13827151670017,
104.40151356151203,
127.01142319867914,
129.66599715339166,
125.81718725581204,
121.08996267046145,
113.16303212721975,
159.0154768971155,
144.96552134859667,
133.72707664267008,
136.0980377038145,
133.15593073542595,
165.1909585769963,
126.00079991882112,
115.74365543161892,
144.127081213992,
162.6580999381335,
147.0659616632758,
129.09279454609353,
139.08051176003772,
129.95431170608205,
153.90063256066497,
131.19035153912068,
133.87149363435128,
102.37802206888514,
120.20045773349193,
157.9511713483589,
150.09107758279984,
143.0595924816065,
129.96727550848908,
125.97984415275232,
119.56482061135588,
135.33633859505977,
149.48833789172846,
115.46590681227698,
130.61417530686683,
130.82629505831252,
118.94070613162816,
115.55513148762986,
114.73451960244225,
88.63984285649995,
108.45569129765927,
109.09629174997932,
90.64340339878893,
138.03657525063824,
140.59629321180105,
155.53619867623982,
140.1072123310362,
124.96591563935013,
159.6226860882798,
113.34945919726705,
99.97089270721972,
130.84566820077399,
102.94762771742086,
106.09445717373146,
127.06532843935739,
90.60947889283318,
119.83639245580315,
144.38545795748402,
115.43777042613759,
127.9801228447784,
126.02387110620975,
105.39555108529925,
122.69715787648117,
158.0753029050982,
141.0564481539031,
120.14604832107824,
112.01268537565826,
90.86429932441555,
86.5821544491815,
96.70753159090042,
93.38841694589792,
138.73199547295582,
125.57177668735763,
129.1745402400811,
137.23466640547494,
120.2089115009437,
140.07923501758341,
130.05480266489016,
126.06490768829067,
115.18419695315333,
153.2941073238503,
141.60945577563714,
130.27729610875807,
131.87796870843047,
120.91462781288801,
107.53278388623828,
120.41923430011542,
140.58451589567912,
116.48389422576489,
109.40725790089762,
120.91578472041839,
127.99526106643987,
133.57528110884715,
118.78320638406542,
163.64261315636915,
126.06365168825198,
121.11907794371778,
181.82024086185046,
145.17449713225238,
107.25920239536741,
137.4291244105852,
148.6035658758251,
143.57929809956786,
137.37984277494834,
119.40244579526859,
157.3627668804799,
150.22841230464363,
93.74122399024114,
107.02460287636926,
141.49108395177666,
147.85605478026793,
132.90100737065762,
164.2664764471271,
151.38431795274383,
115.50658005493555,
120.85034615136956,
152.21996212675344,
157.91140027929546,
168.26364664678692,
154.7245856852033,
131.07785906970432,
152.60967608197666,
145.8850928589757,
151.01090677984712,
152.52315308450977,
125.07676764087174,
96.12666755349228,
112.3618194803116,
116.95074024049492,
118.05056486024034,
133.4777333866827,
132.57967556361783,
95.11932010707885,
134.282348102705,
152.9883951521999,
151.01306219459747,
134.84023047240453,
161.6396772516048,
163.67387362835188,
133.23292285124995,
153.36993319245875,
126.3567863382592,
132.2027909037416,
133.7788828165101,
116.29935229145677,
123.8485053822718,
130.35458872133995,
131.4609560146138,
132.1949557050656,
147.91932849398052,
153.43639954440647,
148.40276709487406,
125.39313987283873,
132.91535110095018,
120.30215689191213,
133.13601353825186,
140.94334839854304,
186.65835080658468,
161.53680514199058,
131.77885666843392,
128.47455801944346,
128.45347545625546,
135.91588271192546,
164.14320767896933,
150.1784122628454,
85.26978803129451,
131.78198231916556,
116.78552724843216,
132.35617106380252,
113.66558667494526,
110.86507134767245,
124.99891736030352,
148.0507738807559,
142.95491511924814,
165.41976937526246,
168.90822193914826,
163.14378072991255,
161.34419479573347,
144.7488463134717,
164.79019619979078,
153.465086316384,
104.33138760611817,
105.81326169711691,
