0.0,
0.0,
0.0,
0.0,
0.0,
0.0,
0.0,
0.0,
0.0,
0.0,
185.63430492434497,
229.0392013755609,
139.3942278836179,
264.92143568218313,
190.50650876763302,
200.5406450189967,
189.90168599600014,
231.2568570611532,
185.44751063175588,
228.18983619569258,
216.55840340480137,
220.74846004503078,
173.16865316802944,
201.54303025402547,
219.92294623387576,
266.2585491012075,
152.09615399704884,
183.666995218451,
166.83786485747166,
222.02122105620634,
232.6047665249735,
252.82529661392206,
229.1706724412155,
187.1906656356749,
246.6305840196196,
273.8015120714008,
263.7566323842326,
210.0474207587232,
203.4501505189306,
238.2924933034059,
209.8235821419154,
173.29338677388915,
125.21150664660793,
171.29843006501372,
178.39492391615127,
259.69710180175747,
197.0095859164563,
257.5217314611731,
227.7627285122445,
194.85532455370264,
221.39430314668994,
184.48628734090065,
150.81680462770908,
226.9664768270055,
234.48734652959513,
195.3925371940933,
187.78005021496838,
163.75990393541008,
199.9259980762955,
181.64322149730106,
190.56312998109811,
259.47269957867616,
217.54662317466597,
192.95616367547058,
254.29566959397297,
255.23211121813281,
254.14048972462388,
261.67420126227466,
308.8971987051844,
249.381394634363,
230.6327339783154,
288.1796852618128,
211.90106516899385,
196.95303128539254,
194.0412797110096,
221.36344618619856,
193.44085773204523,
211.80591504091532,
222.7780939733929,
224.68692725846012,
171.46785096408044,
157.099595595953,
172.0496070931237,
190.13856936015583,
230.21605611965893,
208.0846188137832,
176.65324567751105,
226.03567897010137,
212.61822384938176,
226.2152262234193,
263.4767445335741,
249.84118800589692,
227.4400421528761,
207.6011622827439,
177.25869512044525,
212.61195588640155,
227.95955252270613,
208.46017844141406,
176.479032333851,
195.17902228170732,
189.18530990048404,
158.78380614176618,
169.03874821140442,
162.55553199323577,
171.91003373116166,
150.2684962268947,
169.08644932163352,
182.33221928346472,
177.87230912012583,
177.33106778557232,
161.74182615573034,
163.54218439437366,
136.87875127591403,
163.38257618323144,
165.08046006696588,
150.20442263951713,
148.4858584354387,
143.28374007981174,
151.00889205852263,
145.3542049445483,
173.83831809038074,
188.16089919577797,
189.8635785744695,
168.82890698138672,
191.92720037337125,
181.50324052557852,
154.61153039575393,
159.7121413385245,
132.25349050447304,
161.83658860168808,
163.74381074030825,
138.36340759531342,
150.3427936066654,
123.84079702964388,
143.6800817558205,
185.34636960430475,
151.86775625324788,
158.76999840473937,
153.13801466810799,
145.5108486629003,
176.568195782214,
164.2208306137843,
172.8770593976435,
184.42862249057424,
175.51780004536698,
162.437277807111,
167.61928318575985,
164.06206505339725,
165.25620470687036,
135.6807103715024,
134.49956090017693,
144.83013772318495,
159.33978854108662,
164.63007872566044,
159.67250325590854,
175.04048655529925,
153.02049801102137,
114.976554119701,
161.90210546807972,
155.1564824427865,
160.03442448832664,
178.9798691608861,
175.93129701794288,
185.75480944212032,
144.194160015555,
158.60840975131217,
177.51837273538476,
202.42298954256154,
172.83092178994534,
164.09178709493557,
165.58433009076074,
169.9221831089562,
190.0335296031866,
171.60978169018586,
135.96402899346515,
174.4899009096796,
165.3090044641236,
126.5821257415032,
134.3055687301354,
190.78763126247594,
189.26980254643018,
164.4860950621883,
145.6152092855212,
163.72616382121467,
188.08203746997043,
153.95257202468895,
148.6241577579623,
167.70606289432908,
180.39243101169782,
178.47467444918166,
161.84386184780703,
126.5931851789887,
135.47741300935772,
154.0645709045757,
157.06771110385054,
176.6111154725425,
178.2906415208561,
165.46483567396228,
142.690584074258,
166.31068011434516,
176.4543056589472,
125.11829311782212,
126.53774384400639,
159.87318678049348,
135.6345419935995,
126.95011255095297,
150.98684120119754,
135.45979346595206,
187.97459380292764,
216.72037941272038,
210.26959432338484,
155.91573870996956,
152.5216848973946,
158.38373272113367,
143.82690422915942,
151.1178538392595,
148.61681446708056,
139.20343706082986,
116.45976324416029,
152.95109691296489,
155.07275804295773,
125.4613919285865,
148.49352775199995,
148.11311190177997,
169.67824601743038,
184.17287258135812,
164.2248758378375,
169.77164436030182,
156.09315707295823,
131.86426102673462,
134.82226014155844,
166.6486014953488,
159.8365512011037,
181.51820780165983,
192.2250598539373,
180.42802645428804,
164.1824912108085,
140.6751967569619,
187.11260237765617,
155.66589436449843,
103.43826084791519,
124.33571436665923,
134.71520991843755,
149.23092501334077,
156.89365140844296,
160.69976854200107,
138.69820578336322,
153.6088823042798,
142.55626768149605,
125.4745064251458,
145.8252123364275,
125.56561795205141,
124.66473345645215,
160.22414410602354,
136.81907870229384,
151.7211167423473,
118.78996611237905,
139.55027192057935,
139.24317743020075,
131.10941094951548,
114.16200481908152,
123.70143848676634,
109.33355520714176,
111.20049486850881,
130.61750323253725,
194.61738000483848,
185.5954473716212,
106.54541387741091,
96.06716469743917,
144.03645625409672,
188.4401294864076,
153.7165125588044,
116.90000973786618,
131.61526157489857,
129.40458966858975,
158.30707107056318,
174.70796393594208,
154.1073787610894,
158.70490379806253,
172.57272287492387,
166.85896170446938,
143.8387108950939,
130.2252898209075,
120.72381606340372,
96.93122185703342,
103.25344066866883,
133.64200015067112,
139.9613122439901,
160.34861887356766,
161.7588555955357,
153.8353506285551,
126.21440804350986,
144.61497977632928,
163.0199233775145,
187.2131821931148,
158.81958235560904,
123.37108588663743,
127.91539371551136,
150.15515628617925,
156.71775236434428,
173.7047586493469,
175.24726639396602,
198.1622479141966,
176.85971809092348,
145.17211531519277,
139.72377951508497,
151.21925030152414,
129.37062187996713,
149.73620238673152,
166.2704458001306,
177.5659912590643,
211.14366333492637,
160.36884246406873,
153.1348361818742,
190.44367113674204,
165.68826346167836,
149.9579517173914,
127.87893417792434,
149.12952170554257,
161.4402920121296,
135.3543510609234,
139.607075021574,
142.07490903280828,
148.74604359616504,
150.01225556599354,
171.023244323598,
190.5252414902348,
184.30666413721613,
160.00486875552116,
133.49662529064506,
158.4537880915315,
131.4605437283247,
122.18408390320667,
140.24611747589634,
133.1479864694098,
168.90742045094476,
166.66791042752774,
100.02629635043843,
147.78685946891136,
183.5774258125245,
155.05635508490278,
163.09989037930671,
180.35300776272805,
200.76804515273744,
167.27387788148744,
140.47689141035406,
168.32612990367005,
206.87983937091576,
160.0764424588822,
150.10859344973449,
189.6947274683184,
165.7997979299179,
163.04832513493204,
159.7426194580605,
181.13728824200234,
216.10563017773865,
188.924401594623,
210.44532771294539,
156.17028831236559,
97.597301312355,
144.5597475989919,
179.09342158417053,
172.05419025063455,
155.69963500200177,
152.46643773665548,
153.75324326811,
168.22228315197188,
159.14633227253512,
143.05900580470674,
164.374834047561,
195.791285535344,
165.118570789208,
136.1464706369785,
128.84319854910797,
171.55305765145522,
198.32721039491932,
184.18640120095762,
196.64355102855566,
186.48962126703657,
156.23846023885721,
156.76402528969587,
187.5493101739649,
192.74225214775294,
134.21310472255482,
139.02607893683683,
179.4412185303392,
186.83821345936065,
172.05288736838406,
160.7375792549186,
210.01551376119124,
182.33910232369917,
161.86072576772833,
187.05449309692773,
167.89219279777438,
186.03542627736826,
161.997566330084,
176.04588137377004,
187.60354877368218,
232.0579180126994,
212.86639669244784,
160.78020558531415,
204.0430902672738,
197.71997976168058,
191.2361289186941,
190.94640202418134,
172.70776265390455,
193.341428508243,
239.00763919333963,
255.06070890972128,
271.1692517497318,
231.8029973083725,
247.7146592558497,
221.51201160429025,
211.26638238815337,
166.00640226501017,
168.27146025838067,
183.02026821971756,
194.79770369332508,
201.89974502529924,
224.46527247577848,
201.1703329751431,
151.61890290205162,
211.02479326527103,
182.36257346718267,
167.3334528927712,
182.62218401792992,
187.91908669786508,
175.67222189416097,
191.17328571320147,
199.48626766863185,
196.24115553092867,
220.48452139819145,
206.68158672751986,
176.16074813191616,
153.69387502703788,
198.62377445546565,
224.28586328362937,
211.05400790701202,
217.83765273925056,
181.06040817954712,
187.9369481854296,
258.1380069000429,
207.40184977194932,
201.4855415927418,
230.74532125401333,
170.5575533634422,
182.1692840473328,
189.26268633943994,
180.1456949050871,
175.5706308158268,
191.96916313935628,
211.71081490073797,
224.29701326520012,
185.86840388871758,
177.98072221833445,
207.96214391407824,
183.9476059578571,
165.6703511902358,
203.4733157849375,
184.51310555296803,
176.7807352807704,
169.22961446973954,
136.47894090918518,
159.98852900265274,
188.2312420047705,
207.68634901329705,
167.38222712322525,
206.2445157880632,
203.8492310729779,
180.78856031317085,
193.49172698484173,
225.41795555034645,
185.2642175449907,
180.36105763752977,
179.8494632864922,
165.31103673649858,
196.58908838636717,
215.5100200515821,
138.02160764682083,
137.49820361255468,
141.75555727519722,
160.91143954966145,
156.08560991248547,
153.15134129473114,
197.40859098220287,
167.63845353347955,
138.5510101525926,
159.06623852034946,
181.33597889667018,
152.19354169580336,
136.62247344275573,
171.475269479506,
179.3594236938019,
213.5935453983925,
169.29297121898102,
151.17720849613897,
142.59217662580681,
112.91127270699666,
118.72298286663029,
124.301973581016,
156.78348497167937,
140.83019070750095,
144.1049748927902,
122.46231017836334,
159.42384397279562,
149.60831237348123,
119.78245208266425,
135.77842787366183,
164.01182170948653,
162.92104580574042,
174.71091672621566,
197.73835816784037,
210.9074369856429,
191.06495643855794,
153.96185346029958,
154.6158320007642,
155.3196778422342,
162.56476840591864,
166.61185183401798,
154.8067477396675,
182.03002999265487,
158.89265259665962,
131.51154814448614,
198.70168801317647,
196.73852289123312,
198.62914665935762,
199.86518904153246,
172.96791293535108,
186.40571166100653,
156.50913822531686,
154.97551703592111,
142.93913567494215,
154.0013107458698,
201.01934219690438,
171.2495150242806,
158.4183077359743,
163.96994927369613,
173.08468277941867,
200.67452365669433,
156.15226872454633,
128.8359329868186,
178.56781513341832,
222.35864161929845,
222.00054270934365,
176.567604979128,
193.7386608083867,
166.24077805882428,
143.4009574010384,
167.19610954591477,
177.85433965491035,
175.13885971953977,
142.6517703167076,
145.02356770315535,
170.8618076641118,
193.82552420651555,
156.35016543939935,
167.99913110627978,
186.3038799989031,
151.80029387700944,
172.04783137205908,
178.70931337573597,
187.0364292049833,
180.9387699556764,
173.1078547806866,
194.680201963056,
192.6688608869409,
194.6823594429344,
166.9923039162882,
196.19475872926532,
212.66432028584208,
174.1740812748086,
145.703555277691,
145.18909127711453,
157.3718160292504,
149.93349596931017,
163.14738822908961,
171.33106838900082,
153.803658076219,
183.1950746722928,
141.801794572378,
127.53903512535803,
157.67074440093018,
134.52047592566842,
132.08026828904178,
133.26078399737202,
141.05428143172662,
146.81909722375846,
170.1295065229291,
149.47471077987325,
147.69676096874616,
150.0373976502531,
120.1234614924486,
133.285161903634,
107.58941242184306,
132.56768150184942,
139.9096978557466,
151.9045189904846,
139.5229107330797,
149.90770043169306,
113.83957854464789,
89.68848716813665,
108.91458525225167,
108.25387938790406,
92.30707433036174,
94.85084423013247,
117.1701838229387,
121.46931741225221,
128.49154537190392,
115.70054176209315,
102.53177410786705,
103.15734940683194,
103.93262845175187,
97.60043931103216,
93.6459592572237,
91.6792496232666,
99.76238950943586,
121.98122613854943,
114.7491349456459,
109.40557488312768,
142.02625752251816,
117.3377756848858,
106.20108112857008,
134.26757522056752,
131.68706164457652,
126.9325873249186,
106.52490627671536,
100.70091424581966,
120.2219525584554,
134.79255922288567,
118.50848065785978,
103.27368562940205,
112.0011785844786,
98.03564685293166,
115.246517591177,
147.5178194387345,
137.1213728840124,
116.53404607210373,
131.93874883230845,
141.3598015617998,
156.6701910093543,
117.57131342971631,
138.861383437435,
145.6949975619144,
120.81668918518665,
124.34456838409372,
132.5309310387403,
163.08060650437977,
138.9154438267918,
116.00113388062088,
137.9346576336883,
162.0526673557894,
156.75624862975624,
156.77498023410575,
144.3925308574866,
127.84503222328146,
123.20599208196062,
154.06995122356122,
151.58097464568817,
127.76487602576616,
132.0121346519554,
113.27702185611437,
107.05532583235207,
148.0126656579699,
156.5291968069179,
104.15265728656507,
119.12703596796152,
121.68370660283196,
102.47651216037637,
107.88442577921674,
149.7769833132469,
130.48007668543158,
131.1223780760658,
121.83506468269448,
139.5838958213934,
123.02518635535128,
100.30314033335961,
151.04345723783416,
126.84673101859082,
140.496758408948,
134.0008557624007,
116.5596878007742,
142.89141484632077,
126.70228370247179,
136.58325166754753,
103.93998756899606,
111.81815196243419,
106.62463356145213,
141.70727391918774,
169.24018699404445,
184.08874169315516,
188.84542381407664,
153.92805887201575,
170.8069440337617,
179.72494389020346,
147.92052289191696,
169.56724709867655,
125.75218602193549,
103.81277973791077,
118.65663054445687,
127.8193872918644,
102.1323655427475,
134.6261889718578,
124.4925319857079,
129.53345430409232,
144.22008919326194,
143.00180594379339,
133.52368119613226,
129.63467066434927,
167.40240667785105,
112.2885292465303,
105.89151488868404,
126.01733685188375,
131.0272943115899,
118.9231586217247,
114.34267276071954,
125.35422618523796,
119.42485929013752,
107.16779790374471,
109.63483742148462,
99.63183611357333,
113.99100659064092,
108.58674444014426,
114.45160785912353,
103.467741679443,
118.1808579870645,
131.08764147244403,
130.58629317290104,
121.05652709056622,
98.52550431940762,
72.41167521937446,
114.77829017113474,
112.68043065625415,
86.03930021064119,
100.49756633109877,
120.86650331689307,
131.31747753975455,
140.23600117512893,
156.87673187533363,
144.88763190253383,
134.626649100897,
104.60802290994177,
112.78289544553921,
114.93157669557874,
143.6128171854505,
152.4284976214443,
134.0160133953021,
154.67554453027165,
127.11244594064645,
108.59127903055176,
96.37479614992603,
114.0207858644088,
137.8106149897292,
113.93090976396101,
142.29869268617864,
166.1691332655904,
137.43740256779398,
133.12722908968593,
156.7237527736522,
144.15032674161867,
162.34959253534979,
157.59873006022315,
161.69121422215497,
160.22866826154055,
127.66543562336449,
112.03588282131035,
125.33668416852665,
142.83398526188887,
117.27076782931118,
142.85384405912075,
163.1955858352759,
136.97260019752844,
149.90118858697625,
185.2207770486134,
160.39461937793538,
169.40782169921914,
141.7540513857319,
141.95657112523767,
168.85981116978488,
160.5389398924046,
160.1970735342308,
136.92659171797496,
130.74502326288146,
137.02817273818545,
163.6900424983228,
153.51214413048845,
141.545879191593,
132.89333151624092,
126.75780442267164,
135.90450538737,
211.02309648106512,
179.29128935025997,
128.83850834828635,
176.8403856421287,
168.1695136536583,
135.74577093838468,
183.43090178500304,
164.22158935215475,
142.32675513453796,
135.491709967251,
116.75275146238101,
141.97848634442784,
148.59292564706024,
136.1766160363077,
135.19504182765704,
145.06957576925768,
173.10703498545135,
192.85521779204853,
203.49482067891935,
170.0823053001096,
163.57148937410903,
147.9030150016616,
168.57086470697692,
213.62294174200463,
209.2774469749937,
174.4336291294303,
150.02066044541772,
154.84449103179156,
125.35005418608213,
152.82268709720174,
168.62009296798624,
148.8223019302928,
186.56549187293209,
198.887973335516,
167.28483671092079,
151.72293964249238,
181.67847047967757,
212.06358128980918,
190.36801782487598,
159.6329177461912,
163.71404518307372,
182.5980802389988,
165.71616901963083,
173.2258607107296,
154.00329264741615,
138.4083714226404,
163.52413591032314,
173.93776827719287,
165.89730855724653,
187.36634224238546,
208.70626222706494,
211.09198881441503,
175.66473289577624,
131.48759032714992,
179.06074293743362,
182.1418825298992,
160.8566919044457,
170.46219947118524,
161.81709386946986,
128.35741853556536,
168.28908328681717,
190.8118715342096,
161.73913775275338,
147.80900917752808,
165.48727015738504,
173.10542947134843,
189.87091353826594,
175.57248156222266,
194.42435121855743,
158.49620966137067,
119.48896326028691,
160.08627239362383,
171.4661472365858,
194.17530591966405,
220.43052010338712,
171.52082256781972,
147.76784163274274,
175.22912655590446,
182.07769555160894,
148.14204676902034,
157.47719985159884,
168.9063550739831,
164.95923077411723,
159.0377250897944,
135.1609963183451,
151.12528708927357,
163.44933110447627,
187.2653332634551,
146.3912377074149,
161.4329626215652,
211.49244792299112,
158.162401655791,
180.34132564890814,
202.43542326076965,
176.3302572184462,
182.52799740758306,
189.14385824335142,
186.89910486140414,
217.96386926627477,
198.75057569052447,
146.73337352103854,
189.86068249616662,
153.948609860069,
170.96097786785975,
188.90696414008403,
148.69682728953737,
145.0852850397644,
132.91105493098337,
130.03018545790755,
154.61178023362962,
161.3404250444138,
161.6881039796359,
166.44445782560913,
121.42978240094807,
163.6143907713161,
193.44654569745663,
165.76104501120446,
164.74342791606676,
157.84057302770486,
153.09357959820335,
150.8014577576904,
160.96785970710275,
202.20814255541177,
189.11584039845454,
130.41273075699783,
134.0220006070524,
134.44270791304302,
176.2546180817909,
153.76347934135967,
137.30139972125156,
180.75477079425713,
175.2450338058784,
161.40882283946226,
129.78218943158976,
126.8169640368955,
173.5502159936074,
182.26261757576106,
144.50138450305425,
115.53906285638293,
146.47132065526782,
149.77103330749748,
159.37118519339134,
164.67026369168417,
188.87959129993294,
179.94427490425866,
125.12909431555845,
98.09485516210755,
158.1854026469861,
154.61219196846693,
162.88764385096124,
163.30908094165264,
153.63398159637512,
160.85384182785535,
135.93412758610782,
128.06705120761907,
139.16888271577608,
126.97329917541789,
146.73440307983984,
133.28356086748406,
100.40876576028397,
139.80289544733063,
138.60018235276567,
124.63761944105732,
152.40603068856907,
173.61602303539317,
158.0423033555072,
154.25958936089611,
154.58083910167235,
135.0730915628695,
135.45499228271032,
194.42752766889907,
169.37314317056544,
107.61075163529253,
107.9020597968213,
168.91314222397492,
171.44929454355633,
142.71820278878235,
148.79012484062963,
157.12944990438302,
153.6232498523097,
125.37184327912175,
121.97230125598406,
90.90824935762726,
119.42831335220286,
162.5942060574169,
190.75622597420107,
164.47680134896032,
164.80997046022455,
155.81905855413532,
158.39547481733157,
160.67572036361466,
121.31919838055806,
162.10383829349925,
178.73872632669014,
146.16521569327378,
158.98625371712887,
101.14562513080269,
111.94221245467455,
132.40224041253575,
139.38254742416242,
136.2847173678988,
143.6763057101237,
148.2444082526327,
146.2553245045557,
153.465484831307,
128.43070301959696,
146.61452247430205,
135.29740787421557,
147.32507979304125,
179.1273620563329,
152.2876970086101,
157.92454093252914,
143.6415266722155,
140.27476353926178,
120.88619290865836,
124.47333612775115,
147.19239962312272,
140.84270685082956,
133.8350142714691,
120.19358091993708,
113.17679124031308,
126.33542956896207,
128.8334680242449,
140.9972368855702,
121.9443515514978,
135.12494298058772,
134.36929859493054,
170.26017315738562,
166.21357614663407,
121.08410489517736,
118.34626514696173,
141.20708993723986,
127.67319231232607,
101.14667722787438,
150.15099031177684,
148.3576648891455,
142.0480995697605,
170.44366769566955,
127.70091536385006,
131.26742105399464,
137.6947396010388,
124.74187761700135,
132.50209844764888,
118.877551814521,
136.0589217046739,
142.0890057826924,
138.0648519907837,
176.1090432229286,
174.88109221299868,
152.40123843684572,
128.92952064553393,
120.34661674082666,
145.78670073157727,
146.59138672534922,
136.44449394175444,
137.9578939641438,
147.46174189022477,
146.76942331548463,
127.3738710427921,
151.6325378089585,
159.7613913660901,
136.0578163982731,
124.60536703996492,
153.28494736451125,
141.96961018871514,
149.47616788237218,
134.61233376754586,
146.2699976184382,
148.95470106727427,
119.98278215561334,
103.43111480530402,
113.21131232210242,
113.70328689847294,
133.88830382355013,
107.6073426252521,
122.03087218377642,
157.20849591229745,
131.1276526066104,
135.64780277216082,
132.8487939215681,
112.14474871451894,
100.59752222719325,
110.5969373354279,
103.87531418540095,
106.50091382667655,
137.53888491709097,
127.26723749134094,
148.04436379039316,
156.6094767120626,
123.40265623169341,
114.35327575826047,
156.76135302947978,
164.48571339659,
175.27570434934222,
190.3171108203353,
166.55103644192977,
145.53901947770817,
150.37592151919492,
179.8614452043657,
126.90196205216918,
135.0511427056838,
176.51649609634057,
159.06419304777825,
145.54850454061682,
140.28629380133836,
136.44194497667087,
148.95568205745673,
147.75107143509175,
144.39980367093168,
117.76514969083404,
132.6686138278939,
146.02143541741577,
128.08398994327433,
144.82211341168338,
156.82297875355556,
141.28735658969657,
119.3940559581912,
120.63571311497753,
140.5877903139496,
132.31146050613893,
126.14916136136665,
147.4562857320286,
157.81608041054224,
136.07392563259265,
121.01522447581151,
113.76778501167963,
163.99470597900185,
149.01723386948404,
149.97465344157538,
153.65193711189912,
167.38859292917027,
159.63327061199612,
142.50473352674067,
175.69347088171526,
171.241575885029,
153.44549780786775,
113.12470766827127,
99.85529364711348,
138.56759544841196,
156.77641319193916,
183.15735324694313,
186.63763112063106,
150.75025291577558,
140.10389288012766,
153.37453632613614,
161.29908176609072,
115.02080408466989,
135.69099473373973,
135.99013362433436,
130.47553760680756,
96.25973379321012,
116.52862315449964,
126.66189149433187,
138.3150062199153,
154.22788142840892,
137.22257729339523,
132.59654164515842,
120.55804644617791,
142.86257304992418,
137.50725766828194,
122.25598892625965,
149.48302175704248,
138.1577949941458,
99.42088297511968,
119.80350780656747,
158.93625490234064,
135.24472487876878,
125.35048124285323,
147.59807256767147,
158.8939087681534,
157.28743360649142,
143.77244470626283,
149.0130309001169,
148.58941518901503,
117.19953215161097,
133.57844569412003,
127.2588903259757,
120.04896138874948,
123.37284904433761,
144.62213325030785,
149.75593907529745,
145.57472926285612,
139.1545382535265,
119.52319979695841,
123.87640451935209,
118.77677364828315,
132.13333484662454,
143.65498712339303,
134.21529234920894,
154.35557800802448,
125.31048349990776,
122.67581103392521,
137.0466584098404,
169.14453045731463,
149.34472191766287,
159.79097580854892,
146.2751923752254,
122.47651722666977,
137.0331917652727,
134.82220135337724,
146.4068289471351,
126.04887782675425,
124.38246233277266,
115.00554875713794,
111.7402079717706,
153.88417135931152,
160.6084130033079,
137.54162367010483,
131.0077683072079,
164.5678525002998,
174.69848211780513,
129.7238796420825,
122.94309610788142,
113.3664814343118,
139.03124701125398,
193.57739386077697,
166.71589548306397,
120.6256845252228,
147.79591240226736,
123.63210936710281,
128.1427822663726,
122.5284307401473,
142.65412629142853,
114.29138106627872,
130.1694181595396,
150.8536341397872,
97.94645606333913,
119.48491973322216,
121.8601040929321,
117.05148731598281,
143.6739680739161,
136.8781215842913,
122.14985529181622,
159.77423603838918,
128.63627720724503,
120.47645762422671,
127.24451182312522,
142.47672704086733,
148.72966976899073,
130.51119357181022,
126.94121100308296,
116.64196492974659,
120.84880625037422,
132.97709787490942,
125.34129937556872,
121.75002819978405,
111.39050144746228,
148.93726645919975,
145.25757505640505,
131.62145874802056,
129.69604753201827,
127.65096295237525,
127.69932122789731,
138.37393902159897,
154.28152200957328,
141.7370042500784,
118.27228742847954,
125.3776127548295,
106.31950584302561,
112.43568164707791,
138.16535537304117,
111.69041438174979,
125.97087930107415,
135.76102224979073,
116.36400825689438,
112.54761468753246,
126.68371617904285,
131.2444148469429,
112.95241675722416,
127.35724381679597,
143.9793411348577,
148.24317033825048,
117.47086533808071,
102.73851700106323,
117.06259596322337,
122.71099548179356,
108.00912695525321,
115.48957553510843,
144.01658076033874,
138.327018802676,
153.46557876662072,
138.84926409199852,
108.52977147732402,
126.51601081173837,
124.25121315006345,
119.96717691301643,
145.22376168426945,
127.75295527431226,
92.09720314986855,
91.14839660152224,
121.07387014175163,
143.27364804030634,
152.52044070643163,
159.0456267223391,
135.6766768851942,
117.14791533578145,
96.73212991531483,
120.17209027649719,
146.15087336283912,
133.62437239882328,
134.01663942773084,
115.01307514831433,
151.30424078819087,
160.26629815786322,
166.62616689240548,
171.3551210670716,
115.32194558017424,
139.95924743744087,
138.44759553419232,
142.56181974776098,
131.63428423647798,
169.74521726688258,
179.9825963173957,
163.5602992832934,
176.35987145303446,
174.63336331693662,
139.8750525728409,
141.7400653724326,
150.13084355932457,
146.0894845661833,
141.4480671119147,
128.20261334133397,
149.91976128842052,
129.45750133024657,
101.74702420691003,
141.57855130864448,
132.86238213634098,
134.75861481229734,
146.04966877640663,
114.84797195389814,
141.66882988827476,
199.1472984583916,
187.31969387911363,
158.0194206526557,
153.29223063107045,
144.8966341963676,
122.75822383336586,
119.57934542558526,
121.63207734896892,
152.03570340511246,
136.9380133067302,
123.95678978011816,
152.2934884202052,
147.86368841014075,
149.06641484382737,
140.22691381466385,
130.6103756421251,
150.64306123112357,
164.0686499857778,
158.71343109676826,
146.79151055083221,
156.4500223584435,
152.6914264659935,
167.8290761314013,
186.49105773238676,
151.20560885244285,
140.16647913266442,
145.88579695077493,
142.76470557986414,
132.38554560233268,
126.01597586874433,
116.33791234246027,
128.8858904334575,
154.26807785330868,
140.55299098973154,
132.28584833392677,
162.51069678653877,
169.49484771642804,
174.52729297563894,
141.77403803970856,
151.1167072853572,
130.00662232599305,
118.03106801308446,
139.44609262226086,
119.88772009921574,
187.42037938375788,
187.4091357658594,
132.488671800762,
162.9470084427537,
179.9370914376966,
141.90365974129568,
122.40653817596858,
156.843928437525,
151.0142426214459,
110.69862684834425,
137.43928390329788,
136.81164935089416,
92.35756481979895,
152.47997957776664,
157.10084001749505,
134.0436189674039,
143.45648329769153,
159.57687183374364,
160.6018642735521,
149.59254113498622,
123.41366180591068,
148.5434618995268,
143.6558927739097,
138.57135541632283,
159.59241763198187,
148.8140887988444,
127.56176431796189,
165.79152710116549,
140.2397292102678,
150.3420134912583,
172.79029942831954,
149.4675969389499,
163.6745719850047,
163.50034741193437,
173.4236174612707,
194.48327856059126,
162.50475378807872,
166.4880696754005,
152.55230129834493,
187.6149032290689,
186.81215518125614,
142.27120169104535,
134.7314160377216,
161.62015855803816,
190.97983760356138,
188.811383982382,
180.59619950494536,
144.22967968526558,
179.05381199525803,
187.93849038461798,
148.32712192377943,
143.3599961635645,
162.4609550621789,
172.66864300631596,
197.46336541183646,
189.81642051277544,
183.4306031017961,
149.1437976372181,
151.01103016252964,
132.22140097585597,
125.96575080106885,
158.65009507169026,
181.92957875195503,
153.9799677817976,
123.35707317052898,
182.39765730818914,
180.41649510453377,
161.01260799544437,
153.74894616509408,
211.9434040821521,
228.90622096462943,
160.01514418703442,
125.03042466504633,
165.64703737978238,
173.6899425517258,
113.43015445076136,
166.35818354250222,
195.4129386855607,
171.6760654741494,
144.62243050205663,
136.4277206588853,
166.31304806038113,
203.6231655608006,
181.2440171204724,
150.5876277019417,
150.27418478605702,
125.18582731183079,
166.5777444607895,
154.46351031870415,
195.39550832242045,
179.39809297076775,
134.00120516075498,
191.39210684845713,
161.58536397782973,
168.84229752053704,
211.36388339203177,
178.38779257202543,
174.03855408032987,
195.18372983209596,
211.81227897634025,
165.36371754654698,
160.626759456977,
138.88034607960032,
148.99872490643295,
164.23338138735656,
211.5138101465613,
232.13439814808572,
186.830200304837,
179.42985784482798,
228.30231718416195,
197.32500649687861,
190.11156024498663,
218.34126178183686,
200.40087305351653,
228.8864466003137,
206.7250151248866,
244.5782839454528,
189.68440680933028,
194.49850471025678,
228.61663672223509,
232.55123087394787,
189.9534888865154,
182.5387665932781,
200.61375271820955,
206.20865708185403,
205.8354148101159,
269.8052751762949,
202.57135889649436,
195.00405567650344,
245.41040619931684,
204.56033292257266,
174.96236574353296,
192.48207469005325,
173.51137671277692,
220.05402727734085,
235.8288834545154,
242.223012692805,
264.7553477095825,
227.14497821764303,
190.62624823634516,
269.40759235550723,
264.77836115889534,
261.35255284980826,
253.48732859562813,
202.66226002661156,
227.58963319961657,
201.00092161505222,
168.86958731503807,
196.64184171055888,
216.03320968737245,
215.0432428908625,
176.04021472900175,
215.54309153317965,
246.20160954571034,
263.12000013026403,
247.28468146641978,
173.9010501867541,
210.20729376836996,
211.26908000101832,
198.35299797102584,
197.5711629532053,
235.25786867700972,
247.38761825645685,
279.40107949955245,
210.54182967442958,
194.58796971072633,
233.10539330705555,
216.631853705887,
212.5296591964927,
227.2363946302233,
234.77716696125094,
149.36392797678312,
205.77955026850458,
254.62131388634236,
205.70048243549584,
181.4041145760231,
200.12795228786143,
206.18284613618764,
223.42158869515708,
165.24865066668846,
163.21576534967272,
156.9577418351269,
207.71087874818326,
210.5525837367374,
206.00379119170867,
170.4582377450237,
203.1220612378743,
252.28754637525054,
233.82242252537148,
193.81171472431805,
194.7255450858062,
150.91017900248536,
160.9646587982086,
206.54641295289997,
167.55488675603522,
188.41456991231775,
157.8926068246106,
200.91832818855465,
201.89333297269502,
184.9763442965189,
154.63399161542046,
196.26909521624788,
218.82004353912362,
184.78910747413653,
181.68347301459914,
163.11825930474666,
146.64721237505435,
167.961859739535,
200.6846115921534,
168.2976681992088,
155.1401970385988,
169.66696737962943,
152.74795823219273,
189.46603984006546,
201.5186869548668,
127.47484627791623,
137.96290019266954,
158.97792290146015,
165.516221275401,
202.39822893429675,
185.63552449869115,
175.62315774451912,
154.98126816862873,
142.4343354976909,
182.15619509531285,
177.87251003064532,
174.14196198040563,
167.62973537953883,
173.17163738491303,
152.04602701733575,
139.11108088597953,
152.50342929306927,
155.5371863681147,
151.89907256465702,
167.7946907568708,
158.33896197976338,
151.2045522331508,
171.61580667892142,
152.13689782171275,
117.30594878204572,
128.45374764264466,
151.95490880654842,
154.87694098609578,
108.78513254224214,
114.79572507192387,
157.86212249241237,
144.9594402170382,
158.98951345260588,
151.77287331323265,
162.0523874143754,
197.06227565161242,
204.33583981157543,
185.17636070393792,
135.19181880629304,
148.27535859262773,
158.58088927219148,
180.7078126967255,
215.5050652131465,
201.59101243203045,
181.7688889776519,
118.91975915856916,
140.97096135887867,
172.44196753620886,
133.84538731321226,
136.08247730954963,
152.7466454831412,
141.70180898879474,
143.65645457939635,
153.2760280407195,
130.01142850895863,
191.8277705632491,
148.52389831607985,
110.76173213455928,
127.39926020385373,
137.83459577774164,
124.04486017824499,
113.91264031476106,
151.80411883516572,
132.2460635475805,
110.28460970852585,
184.25746386487108,
166.88375092762345,
136.27528729761323,
147.71165584533432,
169.46267705147147,
173.6675813306291,
142.16075043607387,
128.8066849516053,
152.29093821634083,
145.22716696422705,
117.23295363569841,
165.12050939157123,
154.43398331058265,
141.8433570024387,
120.41673549424361,
147.5196061589947,
151.11327177413781,
125.9329945280009,
131.44410761453324,
145.0499207881214,
155.87800983301702,
169.10981183764187,
117.5779752072401,
139.54092335019155,
153.47964115326647,
111.02122589291471,
125.18404204785064,
120.72525571718066,
140.10191983288513,
148.09509593738582,
123.13659866304016,
134.3116427410533,
150.26308435738957,
165.53801181021964,
122.312592840619,
129.37818328592004,
149.89942689032574,
169.6418537352446,
143.45172422995577,
135.18627740392222,
133.46959749697646,
125.77806178879962,
127.83296344874145,
128.06290966948225,
162.26142276673903,
152.74026957038515,
157.54906636762877,
125.17655717455179,
115.81231466687473,
163.06407349382155,
145.2310740682278,
142.81504275921904,
117.83210037819156,
122.23855896932129,
120.81815385077634,
128.82723842591895,
119.55663121275823,
143.41600248818852,
154.66890693594357,
152.93942355040284,
161.3691280004178,
124.51335036273998,
126.92893189669621,
128.57492625093698,
124.19977068647185,
140.1259201767201,
150.43997972491763,
163.08787725706085,
171.8567654270577,
153.77731933181187,
167.89766614397968,
169.74176060946306,
130.55344234739937,
129.28720198840264,
131.0114912666823,
152.3706047575817,
134.74830376678605,
112.81841832684947,
128.98863759591853,
119.37761533773907,
138.93044698534428,
144.89798602936344,
93.26422598935702,
140.88660434953,
142.9468614927716,
158.45025138572242,
170.3548154076149,
142.3551117077602,
163.79149699022216,
166.12248865795766,
110.92548725958882,
109.55956945146659,
162.51890648175706,
138.29243005164258,
93.76229587295867,
126.35291281488936,
147.0244769520165,
133.747690587257,
138.96632912524439,
135.48660924191503,
121.97640310914232,
124.88138993230301,
126.86789176348753,
121.3199127063753,
120.48582986529073,
134.2762424419889,
128.11342864380154,
102.04072801612197,
89.77770896580131,
140.93190641601703,
161.30081626735145,
153.44533470221907,
109.58589061564656,
125.24905837280598,
124.78740051878755,
139.19780779852348,
149.71025000028078,
140.4112699444296,
100.1050101999671,
127.13915212570377,
135.59064167496697,
122.9689503758876,
114.4281569283676,
137.85865752515244,
133.24232311622941,
131.08189829879655,
135.5995941283986,
145.7821231595781,
155.49299764136927,
127.81770628331898,
132.76410413608548,
161.68137492526247,
136.41124414153842,
106.7730696510317,
106.42203638303856,
96.305447625491,
101.03481099195818,
155.36601728135926,
186.9951845067264,
161.23577749438357,
131.13494468690027,
134.40158249450445,
126.96547498186418,
151.07506406368077,
158.53188296212625,
120.03950311753246,
106.18716530392282,
130.0469069090434,
133.16285737902083,
122.84043988411283,
137.43908629512478,
153.89514904185356,
112.28233679100913,
139.3204289554696,
144.2152406356191,
122.41539193828635,
203.34446260868293,
201.20774264328048,
149.8755232374757,
158.31229096979084,
133.6106082847824,
161.1906976641206,
171.83823075552797,
142.28365767610498,
97.77600763211157,
109.63824190497044,
155.8359896753609,
126.51438804541759,
114.61519230133241,
160.5189372555055,
156.11616302284136,
151.96752832685118,
153.2607757104627,
138.25124135077314,
139.58165435821996,
138.46104811163138,
156.4170341776715,
122.62219654065957,
97.79613796308904,
119.0136762804888,
122.02506804826598,
146.34904782473637,
146.5615495539538,
116.94801720882357,
130.0697206706906,
193.58738712756204,
171.5003569826317,
106.16093890390466,
108.78747023211582,
138.364643105027,
159.45109411333863,
152.34277024516948,
150.46825616008505,
185.95329797239253,
184.02055453347666,
148.5909943187985,
117.89680463095911,
120.31702860861314,
111.43438680308054,
125.13494918651149,
122.2175610308265,
139.2113191094533,
155.93222409155103,
156.3271825570713,
142.92797719997105,
127.56505836337672,
135.8376669311399,
114.24556054998823,
116.3462965665458,
126.71182527143759,
158.7198527742167,
131.94128160746425,
144.7948126415736,
155.93621131518776,
143.89364653935817,
118.55355909872985,
97.06382381623092,
146.9957335711291,
146.22190228030846,
131.0969189182237,
123.3773024540872,
122.58370788642999,
121.48328818929234,
131.4374012154819,
132.48310852670915,
135.91769638204474,
127.87575067939822,
101.0550460146758,
110.1084443171119,
126.23286276221053,
104.03075546910814,
137.248656687089,
164.70419777341897,
170.76728647406742,
127.72079474625068,
149.29496280497884,
177.2713726390288,
152.61570569916728,
146.06799700838812,
138.49915070159977,
132.57681737815363,
129.7394605001167,
157.85623207372737,
170.75953901942955,
152.94229201660352,
152.69218696320695,
134.2552007773803,
119.99289143279611,
136.75081068088198,
141.25147343406385,
154.7574301075811,
137.8549285326944,
134.30560023367187,
120.97619558619425,
139.78285662159848,
141.81602955058608,
160.302292476765,
158.4691871123068,
137.5998768007666,
115.61445281289681,
91.46429564961645,
145.08201080511907,
138.1072318491793,
118.24709675177847,
120.51434279369084,
140.76981623613463,
173.55971044840146,
142.5527597958718,
115.04915259465201,
150.2450854043731,
141.7422749808459,
108.48781816205164,
121.33261446770311,
147.82046347237753,
145.49294748649697,
112.72041920703715,
127.1540796770582,
147.49043056630578,
150.25759845279953,
154.64625098071454,
156.54667595911206,
137.02516992645218,
106.29170472886157,
102.75131817920183,
115.08530697267584,
117.28714300118152,
112.42929105005645,
100.7276043103233,
154.5489623311903,
195.41320685951516,
141.69347652661074,
169.15077938976395,
175.0006415500596,
153.9986545351078,
157.69563647190722,
156.697978933925,
163.1840076827681,
128.60154591534544,
171.31731611573232,
161.40490982072535,
107.40665844823646,
155.52474540258447,
164.77141981624615,
160.22901533908737,
133.94482342914895,
111.06141314124923,
112.71882693430551,
135.48093500689694,
123.49427969473987,
126.67357886744398,
145.34794603516895,
138.8217298770947,
108.24492855179041,
143.10781565629236,
144.8577406097126,
134.40498124618782,
99.14093882814292,
131.86497687771651,
151.37267870759152,
143.8853532251999,
137.01838344165495,
145.5019210592074,
152.61080404203574,
133.5133212135679,
155.06468864651396,
137.42877543386945,
166.0771430665181,
145.93822641772152,
167.58469419075016,
167.12207202128343,
170.0509909145415,
149.24280418295214,
155.93434395085112,
190.870809016041,
166.34640733848315,
139.59149562157683,
166.4127196018442,
170.24902111631482,
151.68259617701608,
143.94536424070444,
155.8198164714968,
133.26667578815798,
115.70235663581258,
157.85502281407466,
126.72567371142586,
142.6551194314237,
143.72186395179605,
119.57849646529134,
173.4798246763706,
179.32064482937216,
175.0154363659826,
204.01315676743707,
184.81770228174355,
152.2543774669382,
108.70444393646412,
165.6713094611055,
152.9791777015764,
149.75647447221095,
149.081308152431,
156.7164609514495,
163.6186289324625,
132.56019335228495,
121.77203211569275,
94.47986044828316,
130.8383415196567,
177.24846062392743,
145.0329074835548,
122.84972379710027,
147.65550643033407,
150.93930192191218,
129.76815864035302,
140.96586462326107,
162.68350899875523,
119.08535157760511,
126.84049073289921,
127.86070081135196,
126.86530936776177,
146.69649503915082,
137.72151436060778,
115.97102530462789,
135.3154132838998,
133.52020938828284,
154.66570951033344,
171.88536796588343,
145.46830601853043,
122.59122043213263,
140.94164957968675,
156.83409638691697,
142.9223655846517,
140.9674352798285,
151.87824486244466,
163.45325125311288,
137.92936261400098,
147.65237326575416,
157.9247763370102,
144.44426698072692,
105.55211942894307,
114.70465648581377,
172.62866620822297,
190.19309325828635,
157.36892689463457,
101.11518353586729,
141.3568424394583,
136.18407028927197,
