224.56333333333328,
159.71846824574646,
35.606188994106084,
31.13143011472975,
25.066185757767773,
21.566285472720782,
11.64660016457252,
13.339101964415002,
7.951136261845154,
22.78452488596012,
13.669161528257744,
8.992523689149378,
15.518862200479179,
15.813825408893445,
19.045011976281977,
16.14205203490385,
15.593603703519985,
6.834126757582886,
9.34625368815825,
11.446901542010366,
7.049207494115044,
20.889376562666047,
15.856310250083324,
8.239459844815455,
14.688146427117452,
6.548988256394169,
16.435541175459935,
18.820498798883694,
9.039338765611223,
9.246796926882073,
16.637546707223603,
10.000092104463244,
13.956010150357782,
21.421556249002467,
6.932725896277827,
28.106389868724516,
24.913063312111074,
16.02625526872654,
20.42938031969834,
19.755111594931435,
14.681473249187064,
18.085496644213613,
10.569169145349177,
16.298361501399043,
10.724654783228047,
17.81416791349916,
15.2344619951172,
12.110703837111316,
24.805331320761418,
14.38675400540272,
14.417378042769545,
5.6569716579893905,
7.597754934214752,
11.779001844378799,
19.363325281625208,
8.228957371554102,
12.611627155390364,
4.752652111562769,
13.847139623379093,
13.211106809677375,
12.351342318896705,
8.591805899170236,
23.532834474954292,
26.424978138347768,
10.194723374171904,
7.378456558661099,
11.988814136128148,
10.953604810964581,
19.076179729029047,
14.170497870336046,
12.12668424241452,
18.143852956717453,
27.023057205605095,
27.150390613469817,
8.491553950141741,
9.534337101146493,
9.19175231652752,
6.052303145573886,
3.746432839464561,
13.791063335688722,
18.047676396998177,
21.818216427965066,
13.70944238748299,
6.8257016547892055,
6.51246227264632,
8.158726218563205,
15.292517763642552,
6.1319929269149505,
17.206162412600182,
21.403308783633864,
15.27813074142238,
9.344663326794867,
4.162057850777764,
5.168910951848457,
15.2807291321299,
15.128914911775079,
6.4991151921629555,
31.37536689155946,
35.5217435319923,
10.080843767752432,
20.53665119376187,
23.074056913185924,
17.64024579089381,
21.116919777585647,
11.259551229108597,
12.698099042086955,
9.580638508074742,
8.115498628779171,
18.05660714493633,
8.967039393219219,
4.990024306113965,
4.943416748983995,
8.423898448689073,
11.939159133610133,
10.986148634744389,
7.885512911086253,
4.0106643924880725,
3.3534415207962307,
4.3416038080300465,
4.810428990056173,
9.689881993384668,
8.410310758970157,
7.078978218904252,
13.82142188296246,
4.6645307077459,
19.187421493185198,
17.077472805097965,
4.497705010864269,
19.02938974416475,
22.988264026107508,
20.244163198874066,
11.383725356786497,
0.6094381699182873,
7.736272669490888,
7.603555088988032,
3.4355521133067564,
8.517319452921559,
7.783061626194239,
17.73070678812872,
23.12866309277346,
21.931945004137063,
13.977236871541072,
3.5787757899472457,
5.881630763659644,
15.30743564429414,
17.84149190198448,
15.052881871614519,
19.88704124978939,
19.199848656107072,
12.263998355090873,
8.512061970893084,
6.466097864777005,
9.41349549246924,
18.12014638851434,
22.906862355207668,
14.791518580196712,
9.796324983895472,
13.149341166366991,
10.010565149191251,
11.98935596596219,
15.336644389210555,
10.747206807430215,
5.803919880690818,
3.865260280570482,
13.663225072676894,
10.502166368737571,
8.325031598697581,
15.650889685646026,
8.214819082387239,
16.015418582627692,
29.796122491149394,
23.202812476716712,
4.260542816804969,
18.145162598301045,
12.414636717539747,
12.93169190051623,
2.3553815249798444,
19.773045519865875,
20.376539120266333,
10.29872144419996,
6.836602352289039,
0.4887400875300185,
6.364467189174262,
7.136576016485999,
15.544203381080573,
12.796202202127704,
16.045719631303797,
27.427640960920094,
6.858055937085561,
22.82823437368334,
17.538809616690454,
13.666301790263702,
25.27591943411956,
10.941585274576,
8.0421962877746,
12.157336697364482,
8.883952491017466,
17.32726706716018,
16.21719802765907,
1.8365254769502477,
11.608255922952575,
6.502274779358532,
16.77274583141991,
13.474857698860866,
10.942421160209538,
21.855163659936995,
10.661205831364908,
5.0733249212238185,
3.575987139858725,
14.987266860815408,
17.754320798413996,
8.995007983130128,
7.887434231540133,
16.91712503836084,
16.705405121242,
3.467916990301267,
10.778287257388055,
17.456501856764604,
18.938145855913497,
20.954765264633526,
16.29757188854776,
1.820087326193961,
10.73676026877564,
10.56996341966988,
7.227334879016456,
3.236606803140562,
9.323871911766046,
7.635058973826784,
9.487931159723157,
13.822239721458816,
14.849043054853556,
6.7666771422832745,
5.600358442587061,
14.711021679458664,
15.33919229271023,
5.200349219620523,
11.110256489443552,
11.67091672135137,
14.40811614944882,
13.979167208294067,
14.903933559223258,
8.023802047152422,
17.203201940736612,
19.914723200958363,
3.022265777722922,
19.013197262444084,
16.776659237124395,
7.704816451238492,
17.814307429099173,
5.883230907113519,
9.751427342376532,
8.50425873682361,
14.815480536345198,
22.72416259084747,
23.300307891343337,
25.175047966807757,
16.756761896967546,
6.011213306474108,
19.643498877378832,
5.9977014787359035,
16.196973482840548,
15.10352543277138,
5.494118132899038,
16.187273318249417,
12.751057474557157,
13.726015319716964,
7.330879190901377,
0.5016717364422958,
1.8815666992537692,
4.537190651013583,
5.856954681747258,
7.720857971293595,
9.731638366374357,
5.963572541440365,
9.704676198348691,
16.09597926171561,
9.566516525202564,
1.0472367818951502,
4.680143105627018,
2.773865256988378,
2.9828843185521405,
6.800505877099899,
10.800075210935091,
18.58353699203228,
24.481307194865394,
12.691215127830585,
11.458169217950866,
22.48222449816227,
9.296811806995787,
13.621826171520125,
18.526291237102154,
8.399497303844198,
7.630505186205805,
11.036981085145982,
10.278116924553698,
7.579439827376164,
9.990582277286133,
21.001012163750136,
23.758585817185608,
15.061859241353336,
4.235413448404939,
18.39892299061748,
19.651612542815773,
17.495879441155825,
15.01340436032257,
3.842651418126673,
5.313429857617951,
3.207358021055484,
2.653469687725169,
3.9465607473748747,
4.912138051538213,
9.311718948460276,
11.686723362326454,
7.715706567246826,
7.898538136124964,
9.95317666930667,
9.970948568527458,
10.401447087646469,
7.423497224081322,
5.270382822795131,
6.85187549699606,
6.702328679862817,
8.889008784883726,
10.636823951363265,
5.45591283258077,
11.906173569503812,
24.4093171270017,
26.161660623671942,
18.935876953219736,
16.87905385797532,
16.040186448682608,
9.17054165364847,
0.8104038053000002,
7.564817972670792,
7.106707045990924,
3.4544029055210714,
1.5833810692084043,
5.405931779654371,
9.925630721098141,
7.656552208410236,
13.698906996996358,
22.816331532661586,
16.270416592266123,
0.4359016212003921,
15.55232030308089,
26.301924955276352,
17.967206609094315,
10.435920142674107,
24.66888845818932,
16.73745786251413,
2.8181312534230885,
22.977059872921647,
38.73148440040267,
36.90032134117252,
18.343573983433107,
14.468783267000939,
14.226929677673835,
9.804016788399561,
13.431126184244203,
9.858045777328345,
30.135690777656343,
33.529410867299944,
18.621905311140235,
6.407972205770322,
3.7365006914135495,
11.637396030072525,
3.6477796678526895,
21.197471782724005,
34.91150446232521,
22.294334040643076,
6.24007478574013,
24.524651946985202,
24.404926169922263,
17.89898722048345,
8.802570647562582,
10.030558140986903,
21.409386757693312,
19.393967486647156,
10.628063738365025,
13.721449198321453,
15.20208584392161,
6.97123157200349,
9.37163367042605,
6.295299169368229,
0.7235939866584731,
5.783550267295462,
11.795260960640215,
1.1422271036044727,
17.203142053726953,
18.422556093866454,
17.13718572173156,
18.166966797338453,
6.079607170514862,
23.187447228342034,
12.132707618794312,
16.732085326992713,
24.932653517625955,
8.422792905145496,
11.19416744116593,
16.06305228567245,
9.367184529433255,
1.3824444277529893,
9.88419181483571,
6.458089769571135,
7.5509736032394805,
14.306938698305721,
8.860398656531187,
18.808953510577933,
20.555081152978723,
15.564396827336543,
14.578219406955117,
5.777596977768423,
10.720542492055474,
19.54803493493678,
16.30748438412379,
3.9082014406486247,
8.66829918858203,
14.183999399749435,
13.001263804517645,
8.385208848643986,
8.760782875574105,
17.199253416773537,
23.541019495676146,
12.101020942591386,
14.778978874621272,
24.98112772310331,
8.975695662935385,
15.399033014809998,
12.85370116398444,
14.912619217133981,
7.4168080524565125,
21.84848071088005,
28.794430631351002,
4.861569609519473,
14.927660259716772,
17.713492981689097,
38.40251179059491,
36.135770899723916,
20.151942374271552,
23.918072795330446,
15.848669492285312,
9.153324255381401,
12.920867939668035,
14.67924243581953,
13.171330415121732,
16.853684664891297,
7.572936412257901,
12.497510108712833,
19.1117666257023,
3.8270868308122594,
17.231698532425085,
16.345690199502226,
4.8205428769496965,
9.9186837402178,
2.237957883760651,
5.962073589314879,
13.583684358102845,
16.33720659932875,
13.433555662867997,
13.36662445659214,
5.860669356966124,
12.070430135631081,
4.305177363832178,
4.649372572989358,
5.421337501276326,
18.85429333460663,
13.541157095759054,
7.265172803506997,
6.237235375498674,
13.303256911927958,
17.19649149999642,
12.314630312864455,
21.104229972744996,
15.241866394122315,
1.9980128234286856,
3.2097271947908133,
2.765342026730978,
9.277104545039075,
16.182220848842466,
20.73867210258285,
20.803018159190927,
15.915709185970814,
12.065747472857286,
14.486955877753008,
12.431963602434314,
10.761534911643189,
15.663830141499822,
18.99049418729407,
9.012074850652372,
14.933207358119025,
23.481255905496557,
17.473810295782094,
8.94539376302386,
13.31045476586863,
16.29460793258575,
4.920149392099707,
13.180689595302752,
22.77041041326126,
21.413919651000935,
10.39990461643598,
6.747830352179343,
11.695219121183065,
16.557093665456748,
8.411771528266113,
10.37010800614287,
3.7148210179052152,
18.105233230867015,
18.746061483766333,
3.2342937151073223,
7.755580938483843,
2.5582193501341393,
9.533604120626066,
13.871239292605708,
12.37824348154256,
9.76357217969168,
15.00320429521597,
16.414434682709086,
29.5573135119475,
29.399678200025985,
11.943243737258152,
7.687980643324917,
13.301720388948414,
15.234569026570016,
12.277197879786499,
4.099810195535554,
16.314804949286152,
17.79565031576408,
20.021429123843063,
12.790291334426398,
1.9984295379608055,
7.552475131657421,
10.923750626590941,
21.55233038885018,
29.174041702419697,
18.603147474890065,
4.29167978454559,
10.600506786707156,
9.963305683929578,
6.706137346645629,
27.89955726510938,
26.61229005280188,
14.016881117974929,
17.278373257955938,
7.991191991970888,
22.05643078657152,
11.315658636822292,
8.30148936469468,
9.208560577581544,
12.520152970675989,
15.504433174270252,
12.810011735331404,
15.731739079650383,
14.327583256524846,
13.109383673496266,
13.472557954599884,
18.597822749525285,
21.216309469906385,
10.791824482610693,
12.342794126068473,
18.53222024492329,
9.278556872726833,
1.7514173689563277,
2.044187376586905,
11.607101956567831,
18.93107301609713,
16.6377062929893,
13.686325962347597,
10.711878716498177,
12.771931458096695,
10.305375348576176,
0.24758724289762934,
6.477983456296538,
10.695688044846777,
13.37097139240336,
13.073225774949146,
15.951001623259572,
18.96634320983475,
22.75001973807237,
25.87857670319752,
24.78122517367456,
16.146069243048366,
7.526073413943246,
12.203054565935945,
13.842512531288675,
9.168954955806752,
9.437779969436303,
12.13097007503703,
9.66439834808509,
6.622896618538124,
8.782649972786418,
9.927595205207599,
7.7366774901779465,
5.342052076181527,
8.26890229347578,
7.800180146664959,
4.831039385075708,
5.8743669389897635,
10.078648860580216,
8.236322432301495,
1.9800621165730161,
2.3397025870260326,
7.953942033084208,
10.335758006035416,
5.69913116702062,
4.018405416067178,
2.581432221196238,
1.3686497396123034,
4.46620182353162,
6.5335657754818115,
6.116572153080828,
11.366414450508563,
12.188254965224358,
11.029443816948687,
10.818870830729638,
10.031668368847399,
9.932081987329349,
2.7107968464586687,
7.602894439482015,
6.633522727300031,
3.55358624962861,
7.143790581380268,
14.335131461679445,
10.807744571246301,
5.922770245620387,
8.295605914640612,
6.184018426904387,
7.1538086512075285,
16.615283824544406,
23.692314342065703,
18.57522131785852,
7.886649394524132,
10.118663855185675,
16.048200277116962,
10.91991522915043,
7.935275246273746,
9.370050589871962,
7.47686590166565,
6.735377771394235,
13.280819684381848,
19.793797045886404,
12.10222503587145,
7.614176127984615,
17.47930196590014,
12.181286869483081,
9.740427989575451,
10.469160142135722,
7.258597196579855,
9.512598744647622,
13.86824281163729,
10.411603559792479,
4.516272703673642,
4.294695238872616,
12.58107826065121,
14.966099047316433,
9.655839606773908,
1.6267248820730358,
9.52480517654683,
12.957727223822593,
2.888434237516685,
8.164209520750399,
7.429924571848023,
1.0605294550258402,
5.843404553971754,
7.245477719415304,
8.16362743208005,
12.490907854854276,
6.645990219083673,
9.26390098797741,
20.64137738625822,
17.045487369414914,
3.6326876801726233,
12.972970478967815,
12.596808097843205,
2.077556539865865,
18.477403243948924,
23.068033493817452,
17.114244653740943,
17.308637166842235,
17.728504851268852,
15.92949625946811,
12.877113810642165,
8.7007192344817,
9.569458512418237,
4.994319230166392,
2.341985786639952,
2.1059457658134355,
5.749412887742902,
5.918588132764363,
8.220740568547638,
15.349142489946898,
14.947599466824485,
11.090806088339544,
11.506865608391102,
8.597912258070627,
3.4405600973542265,
4.871660823360552,
5.278770729221192,
2.29031393171399,
2.4978407761527617,
2.5847145495165473,
7.176114911846426,
12.005113182254398,
7.229054379082799,
4.797774518630065,
8.53962321748648,
6.975215978359993,
4.118530258175955,
8.496278822229401,
15.098347457721097,
15.18645148898463,
18.77080310288247,
16.478058240942115,
9.022002427287907,
10.542308774807548,
11.0962334573497,
11.912638561921895,
8.636091989183228,
7.3773309261558815,
11.780944484410384,
10.327153838623982,
7.910371059304683,
8.860733714859581,
8.247001005862696,
2.24205622349434,
5.896142380846655,
11.705166781260107,
13.453557478751934,
9.335926510630507,
6.944545855868369,
8.774402347698432,
15.96695596439767,
14.819791111487882,
4.610258343954098,
10.43168124059314,
7.420833625473198,
4.244506167091425,
5.729464349997692,
6.966329338115174,
10.172612266807372,
8.966651495724603,
9.305546790621243,
13.080408933517246,
5.901144642211753,
9.983708624155865,
8.970353202368965,
16.330708762756746,
15.252570676865158,
6.514194118804034,
15.010035393755906,
11.997110698180464,
7.346363421157246,
9.073240562500134,
5.292126678604888,
5.276995336548592,
6.896911761471787,
14.395402356036366,
9.663239736362256,
4.116648841462056,
8.82604554220086,
14.630448420692504,
10.248580405994524,
7.767101899237333,
18.83977272867183,
13.154549325953163,
4.22555608515759,
6.630427720494626,
5.444215263225312,
8.002542432646711,
11.457851818914648,
5.940213716224856,
13.059434764033426,
8.988462211455033,
3.5761437277470365,
10.290396619960887,
9.550800360836964,
5.498664377404532,
2.519004633579175,
7.159178925551492,
20.548568191820138,
24.082015598719806,
16.11704248447192,
17.68972600317938,
13.280355454682546,
8.836130564243335,
18.256597169334817,
14.469390207024931,
10.589598043500283,
5.322385057323896,
10.401338202492484,
5.470529473270143,
7.080697558605309,
12.689259750351086,
12.426921998598523,
14.86632680884679,
17.73466407174438,
11.73355096580886,
5.4817297336481445,
5.3810620061262915,
8.676904818631598,
12.348650560502055,
7.253403781980879,
17.415738478401924,
13.641410437710382,
4.8447796182731215,
16.709297942149416,
12.23489522370107,
6.707833375967272,
11.127396215316201,
10.631776530988814,
7.149392233278019,
5.939415114087822,
14.906108666140526,
20.44428071256224,
14.747248872175156,
5.7264644785522325,
12.496150178179565,
10.436304385146077,
9.552511732486622,
22.158310764576033,
21.29013102978404,
20.059290948389464,
14.990261211392498,
12.267343125950509,
10.647616528643338,
7.383336109676885,
0.8547233870950832,
13.101029812087397,
17.23659886553958,
5.2791076829685855,
8.488179487484746,
10.76153989777642,
7.609258011075481,
4.0606017082609736,
6.616192814108013,
3.35161086365949,
10.876980714061794,
18.183140714999773,
8.244502360961794,
8.985891137553777,
13.465661380338956,
5.974270077027973,
24.732882636749213,
28.66500320544275,
17.17474996863186,
20.120117364936878,
18.52804288563452,
9.139182859764498,
7.495893564261729,
13.462164408976982,
13.281099640002498,
14.825574203926545,
22.6436486043892,
20.651992815531607,
11.632837867252853,
4.129209002056523,
1.8057391434210543,
4.102351699431588,
18.364915538743467,
25.700861908558885,
15.97568587272039,
6.344319256451176,
13.864782023292427,
32.116358291469,
36.25555781306986,
23.848986160663785,
16.99088065085443,
19.033666807893386,
15.755862433783472,
10.353264266025773,
16.93428178545392,
22.28431708096169,
24.5068705269815,
24.107957987113565,
18.37017794152303,
16.896611964263602,
22.828700965800852,
24.355809188200592,
18.48701777711368,
18.59450432945856,
24.233802420900446,
20.376027143629358,
15.06278744162981,
16.49743041756707,
16.53343310415133,
10.18135244673113,
15.847957606634177,
23.864992879354194,
18.748833532600436,
15.806647549272153,
23.864895772128868,
29.478227544136214,
19.340322165418467,
10.937923942522602,
14.744789886925187,
6.386952042576085,
5.9602730169387925,
13.5507788546426,
24.55957825688321,
23.089894108799093,
9.894039297745628,
8.17208149868431,
16.78855983097339,
13.67596612851076,
3.462182244408185,
9.510569088812339,
7.7102718999832085,
3.0206375459733756,
9.824877692811368,
7.789083348537478,
4.6803938189226635,
5.016996183351756,
3.9417660112317883,
18.56787193500364,
26.122276576231528,
18.032258733501628,
12.689120665305008,
8.394993276771114,
8.067538632263377,
16.004755917111225,
9.382554710208845,
14.153720175416591,
14.183004822270691,
7.097229425853316,
4.967180757121144,
11.084624657444115,
12.451974085042654,
7.478123745962583,
5.674516005860758,
12.793108766870105,
15.34093748907683,
9.165469435582493,
4.687424197779576,
15.202062576359317,
15.04671729646465,
5.1720925831763855,
4.422673217631201,
3.7187544425806927,
11.522352220016776,
13.273214902025886,
20.36502071871886,
21.511999633254977,
15.611495667108562,
11.253907734625678,
8.637635583204442,
10.90348861175546,
15.932338924090194,
11.916666300262964,
6.177240876446957,
2.3926811732410624,
15.658192541487214,
18.219268514440454,
15.093512102968857,
17.946806158513642,
8.255140394242932,
11.456976471186517,
11.533224377974724,
0.4544313546091347,
3.575720199237442,
5.945633951237828,
10.256180756346641,
16.526073412189316,
25.838558747118025,
18.11799976324286,
2.5637200001129976,
2.572998595905448,
8.781633482220093,
15.366778312528005,
10.102313215795794,
14.70385215948689,
18.92739450267056,
12.98984519101306,
3.0348988300469517,
15.16514962509247,
13.139463107378273,
2.5993827733859214,
4.491044280461902,
7.707459706792018,
8.61462946315334,
8.431945094371413,
5.955372532422173,
7.528710634409622,
21.89454788337585,
25.270752074569398,
18.740638453654068,
8.152118749051546,
5.841140958867855,
6.831019812589745,
13.993097231108301,
17.16983669298318,
7.26662092001053,
8.991652125257767,
8.267263316692206,
10.97346162968424,
9.669199567785538,
10.319783547719522,
19.49108738202913,
19.366343467402498,
13.371108430706052,
9.743851150098566,
10.044504368128203,
10.185427322731588,
10.153241944607933,
8.99006606063291,
9.476935060944793,
6.144349192465219,
14.112213968244287,
11.8903452427959,
4.261389603777418,
5.042086142085747,
6.1740197879582865,
0.9136295675054433,
11.959091442929584,
17.300051341808874,
9.509758791768466,
2.8509057029143303,
12.70545090255352,
10.595514951717558,
8.000872469793558,
13.781759864497957,
0.7668461118328213,
12.982628482251695,
4.234885375153069,
20.117840938442185,
20.93995873276759,
11.544482717712928,
19.858148318267506,
13.139997525895078,
4.458403246419821,
6.4361249044261015,
7.26569693645217,
13.204177764572732,
12.393790508272387,
3.06631836466438,
5.619787776390531,
9.540942534700552,
7.797663687691624,
9.057388249967241,
9.564469307840906,
5.5024337447307365,
8.600307509170433,
9.463409319266283,
13.10653546508144,
6.6481145330985925,
3.8949113746237534,
7.688226854225142,
7.893745144628692,
5.293567515363779,
2.861007986316216,
0.8591302944962667,
3.2288687708909007,
8.999156154902114,
7.09459020192606,
12.52904187000122,
22.6246090076469,
13.65544777249939,
11.931980649079085,
10.523759938181179,
3.486123855325331,
10.923394633354294,
25.52347620625773,
26.12524660577918,
3.930170408694197,
22.47872779908794,
21.71137127673714,
6.8991188604641165,
10.190051265773805,
6.843619959988991,
10.11686039971498,
6.16200407244925,
4.788677457404876,
6.0373914068662895,
12.611919202739088,
12.168572237989979,
6.439238746242234,
19.16107452492752,
15.257283897012199,
4.942104076346117,
15.87443259848815,
13.299874720763926,
7.208802306498518,
6.33848345317605,
7.742568529346962,
2.137793562766553,
12.611779688433653,
13.5739579057659,
10.2950433920939,
11.670064255957216,
5.080794923332004,
9.536790957635498,
5.637469585311925,
7.834713435169305,
11.555498983268324,
5.605799290780378,
10.777222161038182,
12.47128477471117,
10.982584271493973,
9.041350350652854,
1.5847545156599232,
9.9393133386945,
11.881747112737171,
5.495137483059604,
6.412811149408747,
11.455891988237756,
13.649257277321102,
16.018311053038577,
12.051180342675702,
2.0809120267856316,
8.292773820986595,
16.663643136776983,
19.877613541969115,
8.61393476442414,
7.9857928506386395,
12.469089698517212,
7.17782873320673,
11.739884408819155,
8.469997872028083,
5.295595621408991,
8.768974499766113,
5.81455763393829,
9.668735703574278,
17.29099358256254,
18.504830821504154,
13.05256716254899,
6.938795171486614,
8.404058476184888,
19.34431895285106,
18.022374727713657,
5.888879687742664,
11.057786181751002,
15.694020795946518,
13.790995946810957,
4.988755043171239,
7.70550923331827,
10.164936826215813,
3.3296293632586007,
5.628359671119058,
6.599410943771895,
9.667327856422716,
10.875730558444548,
8.968331478942384,
12.092464426953962,
12.424339338054047,
15.25399824900474,
21.789200959055528,
17.067206853829145,
5.293193440097353,
10.841755230104726,
11.43654916117938,
16.166729033378346,
25.34991202033515,
28.455780922681257,
23.589160597725986,
18.291025788957015,
8.712148540842566,
5.302083154683897,
11.052051765315799,
10.019337418935798,
13.619487114475058,
14.942357376735467,
13.49087296257563,
9.086081041379478,
2.2157650884869966,
13.049533376617381,
13.966145136374449,
10.864390481005131,
10.711259655754292,
8.625550390126138,
5.93106917456298,
2.3285336832148915,
3.1221243232938773,
5.733706693776183,
8.344743372098847,
6.5687901460557026,
8.263124951641915,
7.5162122564916665,
5.878214329124417,
10.147028675523826,
13.17933884787841,
20.0521181927936,
16.28504003440851,
10.905865960228875,
19.417882111263083,
18.63762819975792,
18.54068103852086,
15.512009747347737,
11.289471297921814,
11.808195701780784,
10.050846703838129,
6.215408896781827,
0.20808653350568274,
7.162510406541166,
11.916353403943132,
13.41173608815352,
10.532576193458153,
5.736738915469369,
7.432235755372054,
4.18025746090473,
6.011399185514281,
12.18313429483928,
16.714476165465832,
18.534581343348734,
13.510835431863997,
4.092575778024737,
4.28572447268459,
3.4019473835610112,
8.11594130474148,
14.43605541076348,
10.637908865232594,
3.661423636010351,
4.449805273404267,
9.628858832740077,
10.677334769258856,
11.17040159830072,
12.56625473125412,
3.1824892409984327,
12.640471045246947,
11.618645077155726,
11.387539673104131,
11.469231708341788,
7.255177201122787,
11.713937423729034,
15.310472531722766,
15.879748112063604,
12.31346957608277,
6.589633389922182,
9.6499369041211,
14.925603062887392,
12.84280709646174,
13.908332353597922,
10.513566063067733,
1.3374142420988349,
7.687628960715176,
11.68642080210909,
8.36881551045012,
9.870376727079869,
6.176368660120231,
7.102701083707438,
16.7007552297784,
15.60143218322211,
8.291966391612544,
1.700062524001848,
4.226840736712532,
12.869135262216664,
15.311334011439563,
5.877071130666674,
6.736069673707261,
6.614925141194565,
7.04506001068504,
8.724241638644235,
15.281292170108408,
17.389147279299028,
11.480328834272719,
8.704250400190475,
13.41693507995376,
17.596228887118166,
12.648729932084004,
10.467593260379818,
5.798932672159699,
8.944833804597545,
20.98237262497459,
21.338769308667654,
15.227137709065468,
12.165888139658826,
10.444986014790917,
4.201983606579114,
5.294566540471251,
6.866205971323865,
2.006324101955949,
6.099776388558459,
8.83111313913163,
8.460922318155607,
4.348176313827755,
3.399173725021049,
9.484460749515746,
9.474935566537377,
7.236570331654537,
8.117257854273554,
3.557103899974563,
3.513667553874503,
2.452277737901337,
3.9969866943905323,
0.6605404396175109,
8.696260323705268,
11.896470588101161,
7.744318767097789,
3.2249134616454316,
6.22106565174846,
5.402101715620014,
2.798526607764014,
5.73641807420683,
6.661761348710615,
9.962115838796317,
13.081943066404602,
11.655457342522293,
5.745554830918847,
11.685164042453135,
7.633119081739864,
7.113489781270214,
4.177896592657557,
2.406319226228554,
9.097297374613179,
19.942774258815096,
17.071666871410486,
0.6332307524313802,
11.082000229513536,
12.262576531470293,
15.658494667457823,
11.447482853826424,
1.5600445427518943,
9.820267860365789,
7.0561996247641865,
7.634276807701155,
6.354407044349825,
0.6524838960269752,
1.3500437001724384,
11.791925175793201,
15.009760263406369,
5.884347307517394,
5.720887411996019,
0.2553255263125524,
8.472361459440695,
8.08877009297925,
8.332318709088302,
8.590702389618752,
8.69480305483068,
14.228652219484724,
12.440856079073018,
3.1285252096233807,
13.6182832438986,
9.265114845030036,
7.610630248379673,
15.766732801586109,
8.202320220788792,
10.339479753873047,
18.00735832827749,
12.599540615787923,
3.511989429114451,
7.920163022951646,
10.749468746568777,
11.942621230718059,
12.611725195868503,
10.360545225204355,
5.9434992076783395,
4.73642750538303,
6.219386442614278,
9.59337161129607,
10.639817400765704,
4.6354146084172205,
5.028213583117315,
7.66162161652441,
10.950145323063891,
12.887330962380473,
13.185812005809828,
15.807143200011783,
12.162897641168414,
11.141690463495934,
15.896519033541939,
15.797797653332665,
9.878169304086063,
6.805642000679038,
15.644680362518582,
20.037680850419346,
18.522905666523943,
17.450455752440156,
16.413579165932816,
14.747325034636422,
16.026744441512,
18.135007452979988,
16.180330173571413,
6.44781787306173,
6.939432150451577,
12.494031974579734,
6.981011967706081,
9.853555509909373,
10.649097256274935,
2.3288096642958513,
4.513471482568038,
9.555719813870935,
13.44168186350408,
7.349463702178005,
6.50137438104345,
17.852035005362463,
20.472851762869798,
12.508395380649302,
5.415188361832698,
12.950358407582685,
20.327285950140794,
21.234820360168378,
17.658001511415847,
15.796249912909964,
13.885520787342717,
12.22937483094594,
21.188618271804106,
23.7823114122486,
18.383816192653537,
12.130415052038476,
13.127629679239009,
16.161067114320762,
6.609557200561474,
8.402325627719245,
8.16018308026909,
2.217693367740179,
11.17516980798836,
17.391653204049227,
16.340269204008646,
9.743945835995609,
5.265755854626931,
6.984496162087098,
9.432013833992398,
16.89480892367542,
21.762867341502343,
18.353314016199143,
10.682524895631134,
2.5401556492948325,
5.546452813983011,
11.067154342966976,
12.630372352345208,
11.292735484041364,
7.98068719040119,
8.540894491000383,
10.656780034860901,
5.777104775270597,
2.9109584064633736,
4.752552581011291,
10.513453943293282,
14.555424987087667,
4.968880352029956,
14.235885153528862,
23.676120295862052,
15.019995581862895,
2.2693176457245383,
10.179494421803785,
9.468606549513602,
12.242021706960696,
13.673079961788696,
10.503171083170667,
13.208022419543143,
16.359943298222007,
16.6786856586046,
23.45001675222118,
23.117726835154905,
19.12239220255275,
13.850919144613778,
4.104130213011958,
5.390873850037544,
3.129820751474721,
6.10610855641057,
7.451912297316319,
7.978909572907377,
19.09701781673742,
24.405546557509947,
18.128117753279437,
7.241454353813605,
1.7630712324051887,
4.406434407934475,
9.157148526277348,
17.476243823748568,
24.865602617290627,
21.809120312856024,
4.971542576015618,
16.16724041125688,
27.74369770988347,
24.48822678216106,
14.081544521685256,
8.423088381467386,
10.216457097891698,
13.928314441132702,
9.248164759658465,
10.62656763555438,
12.559087508622087,
4.367126466472481,
2.097306597479809,
5.023695739651282,
9.487108462199382,
5.97369668415776,
11.835820435599754,
17.23055042013594,
16.1486746388274,
9.535206762621282,
7.295667973355652,
9.198482141597644,
19.077133586344647,
23.28134000682167,
17.91504901227764,
18.897782525772037,
17.1537461961909,
19.851082794355737,
16.569319121937237,
12.466834000735181,
17.52582476089613,
12.087692279579123,
4.7851064722638545,
3.1439144140464963,
6.002334634120601,
14.38903130240177,
7.925330347690291,
12.502811166369076,
25.11441122390256,
16.254403046388024,
3.3177512599347416,
13.583509247318197,
12.113037871857637,
6.5525055463468735,
2.8494026023824506,
11.532901568261483,
14.686732188816768,
11.8012811551658,
14.034707837022063,
10.74052080359971,
6.637998717381873,
14.46093012239281,
5.4416414250741,
7.225275745270153,
14.091838779492136,
20.294418029566565,
13.961131389982432,
1.4206582157018783,
6.465665212829962,
6.785164115919443,
8.10452430604012,
18.112079958432652,
22.881540515466877,
19.873962681723928,
20.000397903320057,
15.843991780420605,
9.183103923161411,
5.974719040206498,
8.005147377182599,
11.746608471310546,
9.04122682531075,
2.394601572665617,
8.987546132049152,
11.15889111689014,
11.788895124649319,
10.25781958902488,
11.233616361893288,
10.651667310939375,
6.296552344413462,
2.805512410763304,
14.474830702937918,
20.87207163389578,
15.579384353410116,
9.255337327661724,
6.988356146479871,
7.066119076944049,
12.75497795298318,
25.37724321907033,
28.263767913765168,
11.029185747559369,
11.124782884646757,
16.438010072414293,
29.066229416503916,
31.461467183964352,
21.295633243936948,
14.701257759444657,
12.648431591848528,
3.4429170752320486,
12.277849707610189,
16.130079857369555,
7.2341015990783895,
6.7272154809809175,
10.94598936067038,
9.273189981761462,
1.6882731169073668,
11.12195535676848,
9.15817825855336,
7.166117744734934,
3.3098803614056447,
12.613606211855062,
14.185101205982294,
9.303107046969744,
19.559057566819007,
13.196199354090105,
20.102533314341944,
17.32272380956202,
7.090173459605013,
24.901914020775013,
23.106683847652576,
14.012200452936417,
2.803039079679391,
15.448047556342718,
24.691091076103348,
16.097975212345744,
6.8246333530444065,
16.701132356098,
21.924089326246854,
7.231020214365689,
16.80077620226667,
20.386974268193455,
14.536420763833771,
16.75140000197,
4.627614939900192,
11.845144764686639,
14.820715891368891,
4.536409368302192,
9.682337097272226,
19.063646634013626,
22.85790395593967,
16.191533138004132,
6.847991748147311,
11.063593312650966,
17.671769660224832,
16.760013846458396,
6.340365343893947,
5.122802929292019,
11.213603301838896,
21.870194851307403,
18.41750595249387,
18.55776707781801,
8.749740136320732,
8.233643028730226,
10.948287434908643,
0.9934265383371723,
5.971134620896211,
11.268625026217551,
13.178645501640974,
13.948179808505941,
13.24104860204065,
5.119681467487026,
7.476812269028276,
11.441691039533826,
8.909437199576935,
6.308912901703794,
15.989631677354938,
13.830992906872165,
5.920987183653295,
5.42620944421767,
8.090530503055266,
18.69624002487954,
12.216101798442914,
9.754992432317549,
8.0735794325245,
6.3489583734855914,
1.257332437172889,
17.16705535336015,
19.430319781231944,
4.405917965456605,
4.793669523122942,
9.0365753224626,
17.759201930778175,
9.895997677022912,
12.293911668469134,
10.34092309044836,
4.109170919588251,
9.400482797059432,
4.576051963945837,
11.474558599168567,
9.870401747721106,
8.278589281178462,
12.856457980636463,
9.037369802080045,
5.439084008843805,
6.815045171144312,
2.967444670180626,
6.0276604423992906,
12.71746357764391,
15.430476093782513,
16.889546979069518,
21.555532200292422,
13.778768419899894,
7.996860156851915,
19.584847534461765,
17.25025629480933,
7.156245473404727,
5.220518246741804,
8.184728907949665,
2.493502193136067,
9.672854812827763,
16.606439350897688,
14.865837058059094,
16.957151913694982,
19.0279790988647,
15.803547796557218,
15.192637722236539,
14.898282735485017,
11.597462100250805,
6.869892010416208,
9.185169438537121,
9.708561764224536,
12.170791634042256,
17.67679320474672,
11.695763923536756,
5.639063130685929,
8.895554181458307,
2.6422644006752285,
11.64612335047916,
12.84274058214051,
13.738390125445525,
15.94640503803827,
15.33761680419794,
12.340520011390272,
17.28695155782771,
13.619592114081767,
8.42767975483186,
1.8090970263328066,
13.556042206486687,
17.192565424802893,
10.763447265883407,
7.850440418363289,
9.41184822392098,
11.594152327735076,
20.717236080781706,
21.368660198797617,
10.232917612493434,
5.763598721443626,
3.848047239316433,
5.3164040983771645,
18.104036149170287,
22.499236477215227,
10.470212923819208,
7.412387211432393,
14.722015614348082,
12.835691215436318,
9.836824009495066,
7.79328688403265,
7.307975445530692,
8.635981838243193,
6.366920771366417,
3.7112313932551038,
9.60229744007697,
13.924769778149077,
13.695073804134823,
7.248047593584031,
9.981047133171005,
12.079454999614256,
6.511362997551002,
9.561881960016125,
10.81967016991321,
11.849710761859626,
5.655921132390217,
6.30810852851885,
8.716806208591999,
9.369343935414106,
6.994016509439534,
3.4256761483130846,
4.324512896068288,
5.674165829256222,
18.678568487787924,
21.443820189322864,
10.867275100221706,
6.9296136488498465,
15.043241056812452,
16.75932275094391,
8.13280942059785,
5.9875601666521465,
15.985600856787213,
17.96585053312244,
14.411756233251728,
18.243301488567816,
12.72464369156783,
10.86802189347598,
11.53350840330144,
1.38826341423167,
3.4862772602700556,
5.762259246950339,
11.691764658139917,
5.327287021103603,
4.692731496913147,
5.893507008754641,
15.887573742460587,
17.29188822614127,
8.297065315866009,
7.974503408555372,
12.28395832359683,
13.908361103062793,
19.24578842653446,
18.384126675990505,
10.375306914808476,
4.683160808863836,
1.3039149309126432,
7.0213256540875655,
13.569732090636194,
15.121813940930084,
10.525774764170174,
8.690007753632354,
11.555483104522436,
9.474283540958957,
5.848664176618074,
3.4397426560938595,
1.819671119595621,
7.249768682577903,
9.72877590501895,
8.172013515094918,
6.390511627232118,
5.765882305556416,
5.552926804853528,
9.460073063702158,
10.482350583678297,
4.823644995290487,
5.69070666929138,
8.633167303003518,
11.985751788938657,
10.227142182460307,
3.2603380002292104,
6.438617668640915,
12.53093366132571,
13.5610210437439,
7.773950707934512,
0.5427196949583298,
6.6376762341451965,
11.418947407640696,
12.173178509162646,
6.306701629373429,
7.092368034310078,
12.409433474256819,
15.67452389548678,
11.75129085498279,
4.616667978992136,
4.327796368575963,
8.60794895078261,
8.498113540597855,
12.054329908669562,
14.387270448267769,
13.68861537767121,
14.427668857206895,
6.303743191170778,
6.0080373226659,
7.570639817909513,
10.69552892629201,
17.35426309316545,
18.67102934077842,
12.000304064466233,
5.914143552390301,
6.67973048938963,
16.970914954464963,
19.813705135520287,
12.572133070141929,
6.918106723191913,
4.598311228563176,
1.1363585006772048,
6.56172091973125,
9.078194549883376,
4.6655749949222916,
12.486451674934273,
23.916996713678575,
22.25846459666203,
8.532947062454685,
3.5773644516010084,
5.425787271284394,
5.894022806265577,
7.471354461537104,
6.518059073480167,
6.149212942735374,
9.374128911629326,
12.831270455705983,
12.433523520102696,
6.620242314456728,
7.650693270327359,
6.533089268566713,
4.190088860694448,
15.068669209279918,
20.642930406872093,
20.715078976159333,
14.351694799054574,
4.735926433127039,
1.6421853202704055,
3.778084354544556,
5.504389209161497,
5.908132401554044,
6.579495088849131,
11.094937249519257,
8.4283468784584,
4.032028306816621,
16.750750018294735,
20.53710960775978,
9.57751681845375,
7.402675786331843,
10.91623030883934,
7.71898814879235,
11.086368829525194,
3.593532582030452,
7.938476043412901,
6.262452403230762,
1.6308839800180177,
6.969169590260842,
6.787780062812761,
2.9422166612929646,
8.412215200550738,
2.572823414244832,
8.561020523304494,
11.169807104212719,
11.534952980128379,
9.228737729561242,
1.151705630238036,
4.411161688864929,
2.7751441324887014,
2.9098392808744493,
7.84958515483223,
13.566943879755415,
11.575040719136124,
5.26587682339344,
2.633267028077633,
4.604799535323777,
3.74345610993433,
4.563773015969323,
8.711548840935736,
13.67026324643048,
14.903233843651629,
8.91143217759026,
8.600520968992832,
8.591740379338017,
6.209991552346207,
12.308599181004707,
7.052713805422442,
5.6413022266773165,
8.446456576434366,
5.933878633482193,
3.1037300689262106,
1.1558597646262514,
6.916831999121278,
8.125014717144081,
3.0933813091868267,
9.606856540387717,
11.015692321245712,
11.670882684614904,
15.608881211501137,
15.992529158064476,
13.179404438992218,
4.950285916584132,
5.094631521277715,
7.378124424237006,
2.7901530900261693,
4.271065947050035,
16.73913563039238,
22.777588311348023,
16.31350974520291,
12.924844283654895,
9.629292119288076,
6.62847856581333,
9.773613335912085,
6.871966371009911,
10.077484987043215,
19.698538575651593,
19.08772192135065,
11.43832980480958,
2.120415645047797,
6.467661621683631,
9.134243341229535,
10.830591659348721,
4.222304958959915,
7.279128167826615,
8.281797580479179,
6.018167493235004,
5.849983924496015,
6.590927076930067,
14.653260646669255,
9.752936559898114,
7.26517249912758,
10.142828603463833,
8.120957335732959,
7.163591959287156,
12.618006963184284,
6.146057721278413,
7.169526960056341,
4.777734694368984,
6.81800096385211,
7.4169594248771675,
10.927152515447327,
14.197313279809483,
2.6263276244929785,
13.185998527918933,
14.293692577104425,
9.050972777899053,
5.838065666172804,
4.924774530031662,
9.790028811912249,
7.637378317497708,
8.393856140817103,
14.064977083764454,
15.985353600250658,
11.698601025480103,
4.073716040487545,
2.467862296392506,
5.499463014333895,
12.363944502061644,
11.178531304528589,
5.846387382467426,
9.981839870572415,
11.472323574153341,
8.787484961456732,
0.9140332783215454,
7.579052276575639,
10.90533069486523,
10.212033296302462,
10.360509131360468,
9.978465759311481,
12.502326923058916,
20.49157614362182,
13.729593492980271,
2.4313142320712444,
6.287584795945571,
8.58018771032257,
12.17087542318722,
4.9081395939865775,
9.92771255534517,
11.541619080935751,
10.578236310316669,
9.824761228800588,
7.914527953813406,
6.970132087367048,
11.131521960031733,
14.89521742429517,
14.66032322841325,
8.441030522463583,
1.7169205897095565,
1.6659021162571372,
6.785791801154598,
10.608446371213226,
7.52645332765312,
2.7679053548073225,
4.784698594388421,
10.139177964675643,
7.297738648403516,
11.309913492838799,
16.260600778669833,
9.14749863528959,
9.912002826835998,
9.319242073335364,
6.466915767262765,
2.525138714031832,
7.93841968854461,
5.475169084614723,
5.199041447308137,
12.084352140027999,
12.850618660202196,
9.474492802130536,
3.5574758859232882,
2.556650731667376,
2.1505694920190996,
3.539127976017437,
3.160756405410227,
8.383054859408835,
4.916689376702136,
2.653495331635202,
2.547797890521,
8.303801684000852,
13.658984119840234,
7.448865937505239,
10.564974166507978,
13.494994157602127,
12.452875162544013,
7.493664065864147,
5.078629524134644,
9.64381801194663,
5.189867831406987,
8.793010068303769,
5.683351914495581,
4.636102189026491,
